algorithm	localsearch	alpha	beta	rho	ants	q0	rasrank	elitistants	nnls	dlb
"acs"	"3"	2.04	1.09	0.87	6	0.74	NA	NA	16	"1"
"acs"	"3"	2.62	6.01	0.52	23	0.14	NA	NA	20	"1"
"acs"	"3"	1.45	7.42	0.91	19	0.4	NA	NA	25	"1"
"acs"	"3"	2.95	6.52	0.13	31	0.67	NA	NA	45	"0"
"acs"	"3"	4.52	4.6	0.13	52	0	NA	NA	13	"1"
"acs"	"3"	3.66	0.92	0.33	51	0.09	NA	NA	16	"1"
"acs"	"3"	4.79	2.25	0.12	53	0.17	NA	NA	9	"1"
"acs"	"3"	3.93	4.79	0.32	63	0.22	NA	NA	15	"1"
"acs"	"3"	4.79	0.62	0.71	62	0.09	NA	NA	10	"1"
"acs"	"3"	4.05	0.85	0.67	62	0.36	NA	NA	14	"1"
"acs"	"3"	4.88	0.23	0.22	55	0.29	NA	NA	11	"1"
"acs"	"3"	4.75	1.72	0.24	56	0.13	NA	NA	10	"1"
"acs"	"3"	4.43	4.42	0.19	55	0.12	NA	NA	15	"1"
"acs"	"3"	4.45	3.92	0.2	58	0.08	NA	NA	14	"1"
"acs"	"3"	4.35	4.36	0.07	48	0.07	NA	NA	13	"1"
"acs"	"3"	4.65	0	0.31	56	0.35	NA	NA	9	"1"
"acs"	"3"	4.48	3.52	0.21	55	0.08	NA	NA	12	"1"
"acs"	"3"	4.58	4.08	0.11	47	0.06	NA	NA	12	"1"
"acs"	"3"	4.89	0.52	0.35	60	0.29	NA	NA	11	"1"
"acs"	"3"	4.75	4.09	0.16	55	0.06	NA	NA	11	"1"
"acs"	"3"	4.37	4.59	0.12	49	0.01	NA	NA	12	"1"
"acs"	"3"	4.38	3.62	0.23	58	0.04	NA	NA	10	"1"
"acs"	"3"	4.88	4.03	0.18	56	0.07	NA	NA	13	"1"
"acs"	"3"	4.58	3.85	0.19	54	0.1	NA	NA	14	"1"
"acs"	"3"	4.44	4.48	0.21	59	0.11	NA	NA	13	"1"
"acs"	"3"	4.88	3.64	0.19	60	0.07	NA	NA	11	"1"
"acs"	"3"	3.57	1.12	0.53	39	0.17	NA	NA	18	"1"
"acs"	"3"	2.39	2.22	0.92	32	0.41	NA	NA	24	"1"
"acs"	"3"	1.73	6.2	0.86	45	0.7	NA	NA	12	"1"
"acs"	"3"	3.78	4.76	0.62	73	0.77	NA	NA	46	"1"
"acs"	"3"	2.57	0.09	0.76	22	0.21	NA	NA	12	"1"
"acs"	"3"	3.96	1.11	0.34	52	0.23	NA	NA	10	"0"
"acs"	"3"	3.43	3.2	0.34	58	0.27	NA	NA	29	"1"
"acs"	"3"	2.29	5.87	0.45	45	0.61	NA	NA	17	"1"
"acs"	"3"	2.6	7.93	0.67	59	0.82	NA	NA	16	"1"
"acs"	"3"	2.61	3.48	0.87	63	0.74	NA	NA	21	"1"
"acs"	"3"	1.11	6.61	0.83	30	0.75	NA	NA	8	"1"
"acs"	"3"	1.77	4.78	0.78	60	0.84	NA	NA	25	"1"
"acs"	"3"	2.85	5.25	0.82	72	0.74	NA	NA	14	"1"
"acs"	"3"	2.91	3.07	0.98	62	0.6	NA	NA	21	"1"
"acs"	"3"	1.15	5.22	0.84	34	0.75	NA	NA	13	"1"
"acs"	"3"	2.59	4.77	0.45	53	0.63	NA	NA	15	"1"
"acs"	"3"	3.03	4.63	0.8	71	0.76	NA	NA	14	"1"
"acs"	"3"	2.57	5.3	0.48	56	0.57	NA	NA	11	"1"
"acs"	"3"	2.6	4.39	0.93	68	0.76	NA	NA	12	"1"
"acs"	"3"	3.36	5.51	0.93	75	0.8	NA	NA	10	"1"
"acs"	"3"	2.28	6.05	0.84	58	0.84	NA	NA	15	"1"
"acs"	"3"	2.55	4.78	0.52	56	0.61	NA	NA	12	"1"
"acs"	"3"	2.05	5.47	0.82	62	0.82	NA	NA	11	"1"
"acs"	"3"	2.98	4.99	0.78	70	0.85	NA	NA	15	"1"
"acs"	"3"	2.42	4.99	0.57	58	0.64	NA	NA	13	"1"
"acs"	"3"	3	5.54	0.82	68	0.78	NA	NA	13	"1"
"acs"	"3"	2.27	4.27	0.66	53	0.56	NA	NA	12	"1"
"mmas"	"3"	3.85	3.67	0.1	22	NA	NA	NA	17	"1"
"acs"	"3"	4.06	1.84	0.2	29	0.27	NA	NA	19	"1"
"ras"	"3"	3.19	3.27	0.73	69	NA	29	NA	28	"1"
"acs"	"3"	2.97	3.1	0.31	53	0.4	NA	NA	21	"0"
"acs"	"3"	1.64	0.41	0.89	13	0.32	NA	NA	20	"1"
"acs"	"3"	2.93	1.18	0.98	14	0.18	NA	NA	13	"1"
"acs"	"3"	3.69	1.36	0.98	7	0.41	NA	NA	15	"1"
"acs"	"3"	1.53	1.82	0.64	25	0.17	NA	NA	11	"1"
"acs"	"3"	2.2	0.81	0.61	40	0.53	NA	NA	22	"1"
"acs"	"3"	1.9	3.49	0.67	20	0.32	NA	NA	11	"1"
"acs"	"3"	2.81	1.86	0.51	55	0.63	NA	NA	16	"1"
"acs"	"3"	1.83	2.29	0.78	44	0.41	NA	NA	17	"1"
"acs"	"3"	2.15	0.82	0.34	36	0.51	NA	NA	16	"1"
"acs"	"3"	1.84	2.49	0.89	35	0.29	NA	NA	20	"1"
"acs"	"3"	2.12	1.43	0.29	35	0.58	NA	NA	12	"1"
"acs"	"3"	2.53	1.01	0.79	55	0.42	NA	NA	12	"1"
"acs"	"3"	1.7	1.71	0.91	46	0.52	NA	NA	12	"1"
"acs"	"3"	1.82	1.98	0.96	28	0.27	NA	NA	20	"1"
"acs"	"3"	1.81	0.79	0.26	35	0.61	NA	NA	15	"1"
"acs"	"3"	2.7	1	0.75	55	0.49	NA	NA	14	"1"
"acs"	"3"	2.4	0.91	0.81	56	0.45	NA	NA	12	"1"
"acs"	"3"	2.64	1.55	0.78	61	0.44	NA	NA	14	"1"
"acs"	"3"	2.67	1.18	0.76	59	0.44	NA	NA	12	"1"
"acs"	"3"	2.42	1.14	0.77	59	0.53	NA	NA	12	"1"
"acs"	"3"	1.79	1.98	0.9	47	0.62	NA	NA	14	"1"
"mmas"	"3"	3.36	2.76	0.2	48	NA	NA	NA	26	"1"
"acs"	"3"	2.09	0.77	0.49	9	0.57	NA	NA	16	"1"
"acs"	"3"	3.11	5.06	0.14	25	0.42	NA	NA	28	"1"
"acs"	"3"	1.96	1.05	0.39	30	0.72	NA	NA	18	"1"
"acs"	"3"	2.82	1.7	0.26	28	0.78	NA	NA	21	"1"
"acs"	"3"	4.55	0.18	0.49	51	0.25	NA	NA	12	"1"
"acs"	"3"	3.37	2.66	0.69	10	0.6	NA	NA	13	"1"
"acs"	"3"	2.72	0.88	0.86	56	0.27	NA	NA	9	"1"
"acs"	"3"	2.6	0.59	0.35	31	0.43	NA	NA	15	"1"
"acs"	"3"	1.33	1.13	0.42	34	0.82	NA	NA	13	"1"
"acs"	"3"	1.94	0.79	0.7	49	0.62	NA	NA	21	"1"
"acs"	"3"	3.57	2.44	0.81	66	0.17	NA	NA	13	"1"
"acs"	"3"	2.73	2.29	0.61	64	0.77	NA	NA	15	"1"
"acs"	"3"	3.46	1.49	0.71	65	0.45	NA	NA	16	"1"
"acs"	"3"	3.47	1.69	0.64	60	0.12	NA	NA	11	"1"
"acs"	"3"	3.87	2.04	0.58	62	0.02	NA	NA	10	"1"
"acs"	"3"	2.74	1.75	0.67	63	0.66	NA	NA	12	"1"
"acs"	"3"	3.63	0.92	0.8	61	0.25	NA	NA	12	"1"
"acs"	"3"	2.59	2.66	0.66	64	0.76	NA	NA	13	"1"
"acs"	"3"	2.53	1.95	0.69	60	0.64	NA	NA	12	"1"
"acs"	"3"	2.76	2.89	0.66	68	0.81	NA	NA	14	"1"
"acs"	"3"	2.66	1	0.67	61	0.67	NA	NA	14	"1"
"acs"	"3"	2.84	0.34	0.69	33	0.46	NA	NA	8	"0"
"acs"	"3"	3.5	6.83	0.6	46	0.68	NA	NA	21	"0"
"acs"	"3"	2.26	3.07	0.84	22	0.39	NA	NA	15	"1"
"acs"	"3"	2.81	8.02	0.74	51	0.63	NA	NA	39	"1"
"acs"	"3"	2.19	2.76	0.7	37	0.17	NA	NA	19	"1"
"acs"	"3"	1.44	3.19	0.89	51	0.62	NA	NA	13	"1"
"acs"	"3"	2.36	5.23	0.8	59	0.32	NA	NA	21	"1"
"acs"	"3"	3.64	3.08	0.55	58	0.16	NA	NA	10	"1"
"acs"	"3"	2.28	0.83	0.84	11	0.15	NA	NA	19	"1"
"acs"	"3"	3.06	3.83	0.83	67	0.23	NA	NA	14	"1"
"acs"	"3"	1.75	4.95	0.91	47	0.23	NA	NA	17	"1"
"acs"	"3"	3.48	4.29	0.82	70	0.2	NA	NA	14	"1"
"acs"	"3"	2.12	5.31	0.95	54	0.14	NA	NA	18	"1"
"acs"	"3"	1.99	3.71	0.62	38	0.23	NA	NA	23	"1"
"acs"	"3"	1.77	5.14	0.84	41	0.4	NA	NA	19	"1"
"acs"	"3"	3.26	4.47	0.75	67	0.26	NA	NA	10	"1"
"acs"	"3"	3.15	5.49	0.75	64	0.26	NA	NA	14	"1"
"acs"	"3"	1.75	4.48	0.81	42	0.45	NA	NA	17	"1"
"acs"	"3"	3.45	4.43	0.77	66	0.26	NA	NA	15	"1"
"acs"	"3"	3.07	3.85	0.81	66	0.35	NA	NA	16	"1"
"acs"	"3"	3.39	4.17	0.75	65	0.29	NA	NA	14	"1"
"acs"	"3"	2.15	9.86	0.81	12	0.6	NA	NA	13	"1"
"acs"	"3"	1.49	3.53	0.97	25	0.26	NA	NA	22	"1"
"ras"	"3"	2.9	0.72	0.82	94	NA	9	NA	46	"0"
"acs"	"3"	3.5	9.04	0.23	49	0.32	NA	NA	39	"0"
"acs"	"3"	2.4	7.6	0.55	34	0.46	NA	NA	27	"0"
"acs"	"3"	3.12	6.43	0.56	21	0.38	NA	NA	10	"0"
"acs"	"3"	2.74	9.91	0.51	14	0.35	NA	NA	16	"0"
"acs"	"3"	2.35	7.46	0.52	14	0.71	NA	NA	14	"1"
"acs"	"3"	2.41	6.66	0.05	14	0.29	NA	NA	18	"1"
"acs"	"3"	2.26	0.75	0.96	39	0.15	NA	NA	13	"1"
"acs"	"3"	2.66	8.9	0.65	28	0.42	NA	NA	14	"1"
"acs"	"3"	1.63	6.96	0.75	9	0.73	NA	NA	14	"1"
"acs"	"3"	2.29	1.08	0.78	53	0.1	NA	NA	11	"1"
"acs"	"3"	1.38	7.07	0.6	15	0.81	NA	NA	11	"1"
"acs"	"3"	1.94	9.73	0.58	27	0.58	NA	NA	14	"1"
"acs"	"3"	2.18	8.73	0.71	42	0.44	NA	NA	12	"1"
"acs"	"3"	1.6	5.08	0.12	18	0.5	NA	NA	12	"1"
"acs"	"3"	1.9	8.6	0.54	26	0.61	NA	NA	14	"1"
"acs"	"3"	2.1	8.07	0.53	42	0.32	NA	NA	12	"1"
"acs"	"3"	2.26	9.02	0.59	41	0.5	NA	NA	16	"1"
"acs"	"3"	2.67	0.94	0.71	59	0.12	NA	NA	10	"1"
"acs"	"3"	1.91	9.78	0.79	35	0.38	NA	NA	13	"1"
"acs"	"3"	2.22	8.59	0.6	44	0.49	NA	NA	16	"1"
"acs"	"3"	1.96	8.28	0.48	45	0.37	NA	NA	13	"1"
"acs"	"3"	2.21	8.75	0.55	49	0.52	NA	NA	15	"1"
"acs"	"3"	2.29	9.44	0.57	44	0.56	NA	NA	17	"1"
"acs"	"3"	2.27	9.86	0.5	39	0.53	NA	NA	19	"1"
"acs"	"3"	1.84	1.67	0.55	42	0.65	NA	NA	42	"1"
"acs"	"3"	2.42	5.49	0.74	31	0.49	NA	NA	28	"1"
"acs"	"3"	2.39	6.34	0.54	34	0.32	NA	NA	15	"1"
"acs"	"3"	2.38	8.51	0.28	5	0.51	NA	NA	33	"1"
"acs"	"3"	4.1	0.69	0.53	22	0.85	NA	NA	22	"1"
"acs"	"3"	2.2	6.75	0.53	7	0.45	NA	NA	18	"1"
"acs"	"3"	2.95	7.29	0.95	58	0.6	NA	NA	18	"1"
"acs"	"3"	3.43	2.5	0.58	24	0.74	NA	NA	11	"1"
"acs"	"3"	2.29	7.14	0.53	37	0.32	NA	NA	31	"1"
"acs"	"3"	4.17	4.97	0.7	64	0.43	NA	NA	15	"1"
"acs"	"3"	1.94	6.26	0.8	45	0.62	NA	NA	16	"1"
"acs"	"3"	2.63	6.33	0.87	57	0.34	NA	NA	18	"1"
"acs"	"3"	1.98	6.09	0.56	45	0.28	NA	NA	11	"1"
"acs"	"3"	3.12	7.63	0.92	64	0.28	NA	NA	12	"1"
"acs"	"3"	3.27	6.85	0.92	65	0.29	NA	NA	11	"1"
"acs"	"3"	1.88	5.45	0.56	48	0.37	NA	NA	13	"1"
"acs"	"3"	3.13	7.09	0.92	64	0.24	NA	NA	12	"1"
"acs"	"3"	3.72	5.53	0.81	69	0.47	NA	NA	14	"1"
"acs"	"3"	3.51	6.55	0.93	64	0.19	NA	NA	13	"1"
"acs"	"3"	1.99	6.12	0.48	39	0.35	NA	NA	15	"1"
"acs"	"3"	3.65	7.01	0.89	66	0.4	NA	NA	14	"1"
"acs"	"3"	2.78	6.96	0.93	64	0.23	NA	NA	13	"1"
"acs"	"3"	3.16	6.8	0.98	67	0.25	NA	NA	12	"1"
"acs"	"3"	3.85	6.81	0.94	70	0.39	NA	NA	11	"1"
"acs"	"3"	3.33	6.46	1	68	0.26	NA	NA	14	"1"
"acs"	"3"	2.16	1.68	0.82	23	0.73	NA	NA	28	"0"
"acs"	"3"	2.51	6.6	0.54	6	0.16	NA	NA	47	"0"
"ras"	"3"	4.07	2.23	0.48	48	NA	42	NA	9	"0"
"ras"	"3"	3.84	3.32	0.25	74	NA	15	NA	37	"1"
"acs"	"3"	2.84	5.86	0.08	48	0.66	NA	NA	21	"1"
"acs"	"3"	4.88	2.59	0.99	84	0.98	NA	NA	18	"1"
"acs"	"3"	2.63	1.87	0.86	23	0.93	NA	NA	20	"1"
"acs"	"3"	2.76	6.76	0.39	31	0.46	NA	NA	28	"1"
"acs"	"3"	3.8	3.57	0.99	79	0.81	NA	NA	14	"1"
"acs"	"3"	1.88	3.86	0.29	34	0.6	NA	NA	16	"1"
"acs"	"3"	3.83	0.91	0.62	73	0.91	NA	NA	7	"1"
"acs"	"3"	4.19	0.15	0.86	69	0.68	NA	NA	21	"1"
"acs"	"3"	4.77	1.41	0.82	87	0.95	NA	NA	22	"1"
"acs"	"3"	4.19	4.44	0.97	80	0.81	NA	NA	12	"1"
"acs"	"3"	3.66	3.88	0.96	76	0.73	NA	NA	11	"1"
"acs"	"3"	4.77	2.1	0.98	83	0.84	NA	NA	13	"1"
"acs"	"3"	3.66	1.8	0.72	71	0.8	NA	NA	9	"1"
"acs"	"3"	3.76	3.36	0.88	76	0.89	NA	NA	14	"1"
"acs"	"3"	3.59	4.64	0.97	79	0.84	NA	NA	12	"1"
"acs"	"3"	3.98	4.18	0.97	83	0.85	NA	NA	8	"1"
"acs"	"3"	4.04	4.05	0.92	73	0.68	NA	NA	13	"1"
"acs"	"3"	3.41	4.82	0.99	73	0.82	NA	NA	12	"1"
"acs"	"3"	3.64	4.49	0.9	75	0.72	NA	NA	13	"1"
"acs"	"3"	3.17	3.38	0.99	72	0.73	NA	NA	12	"1"
"acs"	"3"	3.45	4.03	0.94	74	0.76	NA	NA	13	"1"
"acs"	"3"	3.53	3.94	0.97	78	0.74	NA	NA	10	"1"
"acs"	"3"	3.83	3.46	0.95	77	0.78	NA	NA	13	"1"
"acs"	"3"	3.05	3.65	0.94	72	0.73	NA	NA	12	"1"
"eas"	"3"	3.9	8.82	0.36	57	NA	NA	63	21	"1"
"acs"	"3"	3.8	6.99	0.52	23	0.25	NA	NA	16	"1"
"acs"	"3"	2.54	3.16	0.33	44	0.37	NA	NA	17	"1"
"acs"	"3"	4.19	8.38	0.58	45	0.32	NA	NA	16	"1"
"acs"	"3"	2.48	4.71	0.35	31	0.34	NA	NA	11	"1"
"acs"	"3"	3.31	7.64	0.46	31	0.35	NA	NA	21	"1"
"acs"	"3"	4.83	6.27	0.37	62	0.27	NA	NA	10	"1"
"acs"	"3"	2.83	3.84	0.67	55	0.35	NA	NA	21	"1"
"acs"	"3"	3.49	6.9	0.24	52	0.57	NA	NA	18	"1"
"acs"	"3"	2.54	4.82	0.57	38	0.23	NA	NA	15	"1"
"acs"	"3"	1.75	0.53	0.22	19	0.42	NA	NA	16	"1"
"acs"	"3"	2.07	0.46	0.5	36	0.61	NA	NA	14	"1"
"acs"	"3"	2.92	2.43	0.65	61	0.15	NA	NA	8	"1"
"acs"	"3"	4.95	3.88	0.43	66	0.4	NA	NA	14	"1"
"acs"	"3"	3.13	7.51	0.42	53	0.26	NA	NA	16	"1"
"acs"	"3"	3.27	8.77	0.33	50	0.73	NA	NA	9	"1"
"acs"	"3"	2.84	2.27	0.62	58	0.15	NA	NA	11	"1"
"acs"	"3"	2.22	0.6	0.63	49	0.5	NA	NA	12	"1"
"acs"	"3"	3.11	3.59	0.59	61	0.07	NA	NA	11	"1"
"acs"	"3"	2.7	2.98	0.61	57	0.14	NA	NA	9	"1"
"acs"	"3"	2.91	7.87	0.42	50	0.17	NA	NA	13	"1"
"acs"	"3"	3.16	8.37	0.42	50	0.2	NA	NA	16	"1"
"acs"	"3"	3.12	7.36	0.39	53	0.17	NA	NA	16	"1"
"acs"	"3"	2.96	8.13	0.43	49	0.2	NA	NA	13	"1"
"mmas"	"3"	4.16	5.07	0.14	38	NA	NA	NA	28	"1"
"acs"	"3"	4.86	0.23	0.93	70	0.26	NA	NA	40	"1"
"acs"	"3"	3.11	3.74	0.44	24	0.15	NA	NA	43	"0"
"mmas"	"3"	0.86	2.38	0.89	14	NA	NA	NA	21	"0"
"eas"	"3"	3.2	8.94	0.24	71	NA	NA	501	11	"1"
"acs"	"3"	2.96	3.5	0.85	69	0.1	NA	NA	8	"1"
"acs"	"3"	2.55	9.16	0.04	20	0.29	NA	NA	32	"1"
"mmas"	"3"	2.98	3.64	0.12	11	NA	NA	NA	23	"1"
"acs"	"3"	4.1	2.97	0.71	74	0.09	NA	NA	10	"1"
"acs"	"3"	2	5.31	0.94	49	0.07	NA	NA	7	"1"
"acs"	"3"	1.7	2.98	0.85	47	0.3	NA	NA	7	"0"
"acs"	"3"	2.54	4.47	0.68	52	0.31	NA	NA	10	"1"
"acs"	"3"	4.43	3.42	0.71	68	0.17	NA	NA	14	"1"
"acs"	"3"	3.36	4.15	0.83	63	0.1	NA	NA	16	"1"
"acs"	"3"	1.73	3.38	0.8	52	0.32	NA	NA	9	"1"
"acs"	"3"	2.85	3.75	0.87	62	0.3	NA	NA	13	"1"
"acs"	"3"	3.18	5.3	0.89	70	0.08	NA	NA	13	"1"
"acs"	"3"	3.01	4.6	0.73	61	0.15	NA	NA	18	"1"
"acs"	"3"	4.41	3.79	0.66	68	0.2	NA	NA	14	"1"
"acs"	"3"	2.89	3.4	0.89	68	0.25	NA	NA	11	"1"
"mmas"	"3"	1.75	7.26	0.6	29	NA	NA	NA	29	"1"
"mmas"	"3"	4.1	3.82	0.32	92	NA	NA	NA	50	"0"
"ras"	"3"	3.39	4.6	0.46	46	NA	24	NA	18	"0"
"ras"	"3"	3.98	1.87	0.94	95	NA	66	NA	20	"1"
"acs"	"3"	4.04	4.88	0.18	33	0.88	NA	NA	17	"1"
"acs"	"3"	2.88	4.47	0.22	53	0.84	NA	NA	12	"0"
"ras"	"3"	2.58	2.82	0.66	69	NA	13	NA	12	"0"
"acs"	"3"	5	6.34	0.54	5	0.63	NA	NA	14	"1"
"acs"	"3"	2.84	8.37	0.42	46	0.82	NA	NA	8	"0"
"acs"	"3"	3.46	9.32	0.39	43	0.55	NA	NA	15	"1"
"acs"	"3"	2.8	8.08	0.5	10	0.29	NA	NA	17	"1"
"acs"	"3"	3.96	2.3	0.13	64	0.8	NA	NA	13	"1"
"acs"	"3"	3.63	2.62	0.29	60	0.62	NA	NA	23	"1"
"acs"	"3"	2.26	4.32	0.76	63	0.54	NA	NA	14	"1"
"acs"	"3"	2.96	3.87	0.29	59	0.64	NA	NA	14	"1"
"acs"	"3"	2.29	4.54	0.27	52	0.91	NA	NA	11	"0"
"acs"	"3"	4.51	3	0.35	65	0.63	NA	NA	14	"1"
"acs"	"3"	2.45	3.55	0.29	52	0.53	NA	NA	16	"1"
"acs"	"3"	4.5	4.51	0.38	68	0.5	NA	NA	11	"1"
"acs"	"3"	4.03	2.67	0.34	68	0.73	NA	NA	14	"1"
"acs"	"3"	4.61	2.35	0.52	69	0.49	NA	NA	13	"1"
"acs"	"3"	4.35	2.5	0.35	66	0.59	NA	NA	14	"1"
"acs"	"3"	4.8	2.67	0.52	69	0.44	NA	NA	14	"1"
"acs"	"3"	4.52	3.61	0.38	64	0.55	NA	NA	13	"1"
"acs"	"3"	4.91	2.67	0.55	69	0.41	NA	NA	13	"1"
"acs"	"3"	4.3	2.68	0.36	66	0.6	NA	NA	14	"1"
"acs"	"3"	0.82	3.07	0.77	18	0.94	NA	NA	22	"1"
"acs"	"3"	4.49	4.16	0.69	25	0.71	NA	NA	27	"1"
"acs"	"3"	1.34	2.39	0.43	18	0.86	NA	NA	16	"1"
"acs"	"3"	0.98	3.58	0.37	20	0.84	NA	NA	13	"1"
"acs"	"3"	1.37	2.88	0.28	33	0.69	NA	NA	18	"1"
"acs"	"3"	2.05	2.46	0.22	36	0.69	NA	NA	14	"1"
"acs"	"3"	1.48	2.43	0.47	35	0.66	NA	NA	20	"1"
"acs"	"3"	2.08	3.7	0.38	45	0.54	NA	NA	25	"1"
"acs"	"3"	1.72	4.92	0.59	40	0.76	NA	NA	12	"1"
"acs"	"3"	1.71	1.46	0.59	44	0.61	NA	NA	10	"1"
"acs"	"3"	1.33	1.57	0.48	31	0.89	NA	NA	18	"1"
"acs"	"3"	2.57	4.46	0.37	47	0.5	NA	NA	23	"1"
"acs"	"3"	2.07	4.31	0.35	48	0.69	NA	NA	20	"1"
"acs"	"3"	1.84	2	0.53	47	0.63	NA	NA	14	"1"
"acs"	"3"	1.81	1.85	0.61	38	0.71	NA	NA	11	"1"
"acs"	"3"	2.55	5.07	0.35	49	0.53	NA	NA	20	"1"
"acs"	"3"	1.76	1.77	0.58	47	0.68	NA	NA	17	"1"
"acs"	"3"	1.98	5.02	0.42	50	0.73	NA	NA	19	"1"
"acs"	"3"	2.09	4.31	0.26	46	0.68	NA	NA	20	"1"
"acs"	"3"	1.83	1.96	0.57	52	0.67	NA	NA	19	"1"
"acs"	"3"	2.04	2.59	0.52	69	0.77	NA	NA	19	"1"
"acs"	"3"	3.21	4	0.91	76	0.51	NA	NA	24	"1"
"acs"	"3"	4.13	0.13	0.95	37	0.42	NA	NA	42	"1"
"acs"	"3"	3.87	2.09	0.56	63	0.53	NA	NA	9	"0"
"acs"	"3"	3.95	0.54	0.79	47	0.78	NA	NA	19	"1"
"acs"	"3"	3.83	3.38	0.39	57	0.59	NA	NA	18	"1"
"acs"	"3"	3.58	0.92	0.92	66	0.79	NA	NA	17	"1"
"acs"	"3"	3.39	0.54	0.32	46	0.46	NA	NA	8	"1"
"acs"	"3"	3.22	1.95	0.44	62	0.55	NA	NA	11	"1"
"acs"	"3"	2.38	1.95	0.63	61	0.59	NA	NA	14	"1"
"acs"	"3"	3.59	0.77	0.46	61	0.65	NA	NA	17	"1"
"acs"	"3"	3.85	3.23	0.33	63	0.75	NA	NA	10	"1"
"acs"	"3"	4.12	2.07	0.44	62	0.34	NA	NA	14	"1"
"acs"	"3"	4.17	0.87	0.78	68	0.75	NA	NA	15	"1"
"acs"	"3"	3.72	1.1	0.62	62	0.63	NA	NA	18	"1"
"acs"	"3"	4.05	1	0.46	62	0.41	NA	NA	16	"1"
"acs"	"3"	4.63	1.31	0.5	64	0.34	NA	NA	17	"1"
"acs"	"3"	4.24	2.66	0.4	62	0.43	NA	NA	19	"1"
"acs"	"3"	3.76	2.86	0.42	63	0.37	NA	NA	15	"1"
"acs"	"3"	4.75	2.12	0.39	64	0.46	NA	NA	16	"1"
"acs"	"3"	4.08	2.75	0.42	65	0.27	NA	NA	14	"1"
"acs"	"3"	4.21	2.45	0.49	66	0.43	NA	NA	12	"1"
"acs"	"3"	3.41	2.7	0.45	60	0.38	NA	NA	14	"1"
"acs"	"3"	3.55	9.91	0.67	27	0.73	NA	NA	26	"1"
"acs"	"3"	1.79	4.99	0.94	10	0.14	NA	NA	10	"1"
"acs"	"3"	2.96	3.58	0.62	14	0.38	NA	NA	15	"1"
"acs"	"3"	3.54	9.4	0.48	25	0.62	NA	NA	15	"1"
"acs"	"3"	4.02	2.84	0.56	39	0.13	NA	NA	30	"1"
"acs"	"3"	3.79	6.87	0.65	8	0.76	NA	NA	32	"1"
"acs"	"3"	2.38	1.36	0.84	23	0.05	NA	NA	12	"1"
"acs"	"3"	1.92	8.24	0.36	26	0.6	NA	NA	12	"1"
"acs"	"3"	2.81	5.02	0.5	53	0.32	NA	NA	13	"1"
"acs"	"3"	2.18	5.89	0.09	22	0.75	NA	NA	27	"1"
"acs"	"3"	2.7	9.49	0.13	35	0.79	NA	NA	20	"1"
"acs"	"3"	1.91	4.83	0.49	48	0.31	NA	NA	17	"1"
"acs"	"3"	2.72	5.66	0.64	57	0.2	NA	NA	17	"1"
"acs"	"3"	2.19	9.42	0.25	24	0.65	NA	NA	16	"1"
"acs"	"3"	2	5.2	0.45	45	0.36	NA	NA	18	"1"
"acs"	"3"	2.67	5.75	0.39	52	0.4	NA	NA	11	"1"
"acs"	"3"	2.01	6.97	0.32	42	0.35	NA	NA	16	"1"
"acs"	"3"	2.34	4.6	0.56	52	0.29	NA	NA	17	"1"
"acs"	"3"	3.38	6.36	0.66	62	0.18	NA	NA	12	"1"
"acs"	"3"	2.99	5.94	0.58	57	0.17	NA	NA	20	"1"
"acs"	"3"	3.16	5.66	0.67	62	0.14	NA	NA	10	"1"
"acs"	"3"	3.47	6.4	0.63	63	0.2	NA	NA	9	"1"
"acs"	"3"	2.31	5.77	0.4	48	0.4	NA	NA	12	"1"
"acs"	"3"	2.43	5.54	0.46	53	0.4	NA	NA	12	"1"
"acs"	"3"	3.23	6.78	0.7	64	0.14	NA	NA	12	"1"
"acs"	"3"	3.22	5.19	0.67	64	0.13	NA	NA	12	"1"
"acs"	"3"	3.26	5.85	0.63	63	0.14	NA	NA	10	"1"
"acs"	"3"	3.33	5.83	0.65	61	0.1	NA	NA	10	"1"
"ras"	"3"	2.32	0.05	0.64	26	NA	39	NA	38	"0"
"acs"	"3"	4.59	7.08	0.25	39	0.01	NA	NA	25	"0"
"mmas"	"3"	2.13	3.09	0.12	18	NA	NA	NA	10	"1"
"acs"	"2"	1.11	3.88	0.6	22	0.66	NA	NA	25	"1"
"acs"	"3"	4.22	1.73	0.57	8	0.34	NA	NA	32	"1"
"mmas"	"3"	4.22	8.31	0.24	47	NA	NA	NA	25	"1"
"acs"	"3"	2.52	5.97	0.74	23	0.09	NA	NA	14	"1"
"acs"	"3"	4.94	0.57	0.39	17	0.44	NA	NA	15	"1"
"acs"	"3"	4.82	6.78	0.44	55	0.37	NA	NA	23	"1"
"acs"	"3"	1.72	0.48	0.05	16	0.97	NA	NA	14	"1"
"acs"	"3"	1.45	7.77	0.92	25	0.35	NA	NA	12	"1"
"acs"	"3"	3.02	4.94	0.73	58	0.22	NA	NA	18	"1"
"acs"	"3"	2.14	5.46	0.68	51	0.2	NA	NA	28	"1"
"acs"	"3"	4.12	4.49	0.29	52	0.17	NA	NA	15	"1"
"acs"	"3"	2.47	2.56	0.22	43	0.21	NA	NA	17	"1"
"acs"	"3"	2.92	5.99	0.52	54	0.32	NA	NA	16	"1"
"acs"	"3"	3.02	3.71	0.49	62	0.22	NA	NA	15	"1"
"acs"	"3"	3.03	3.98	0.63	62	0.06	NA	NA	15	"1"
"acs"	"3"	2.37	4.44	0.84	56	0.08	NA	NA	17	"1"
"acs"	"3"	2.48	5.88	0.46	54	0.36	NA	NA	17	"1"
"acs"	"3"	3.28	3.95	0.43	57	0.26	NA	NA	16	"1"
"acs"	"3"	2.2	6.46	0.48	49	0.27	NA	NA	14	"1"
"acs"	"3"	2.77	5.54	0.38	54	0.36	NA	NA	13	"1"
"acs"	"3"	2.25	5.67	0.43	51	0.27	NA	NA	12	"1"
"acs"	"3"	2.37	5.62	0.46	46	0.33	NA	NA	16	"1"
"acs"	"3"	2.65	5.68	0.35	53	0.28	NA	NA	11	"1"
"acs"	"3"	2.26	6.34	0.45	46	0.29	NA	NA	14	"1"
"mmas"	"3"	2.51	6.98	0.47	29	NA	NA	NA	8	"0"
"acs"	"2"	1.42	1.67	0.44	20	0.61	NA	NA	35	"0"
"acs"	"3"	2.28	4.95	0.58	46	0.66	NA	NA	44	"1"
"acs"	"3"	3.02	9.87	0.79	38	0.21	NA	NA	37	"1"
"mmas"	"3"	3.78	1.16	0.13	31	NA	NA	NA	20	"1"
"acs"	"3"	1.57	1.62	0.4	32	0.3	NA	NA	16	"1"
"acs"	"3"	2.67	6.26	0.36	27	0.5	NA	NA	13	"1"
"acs"	"3"	1.52	6.37	0.52	43	0.47	NA	NA	20	"1"
"acs"	"3"	3.6	6.81	0.79	31	0.16	NA	NA	29	"1"
"acs"	"3"	1.9	5.6	0.49	45	0.6	NA	NA	8	"1"
"acs"	"3"	2.74	5.12	0.08	35	0.43	NA	NA	11	"1"
"acs"	"3"	2.79	3.05	0.17	50	0.69	NA	NA	15	"1"
"acs"	"3"	2.13	7.4	0.43	43	0.4	NA	NA	10	"1"
"acs"	"3"	2.61	5.25	0.12	44	0.38	NA	NA	9	"1"
"acs"	"3"	2.74	3.37	0.1	44	0.55	NA	NA	14	"1"
"acs"	"3"	2.08	4.57	0.33	35	0.29	NA	NA	9	"1"
"acs"	"3"	3.31	4.21	0.03	37	0.67	NA	NA	12	"1"
"acs"	"3"	2.17	4.97	0.31	44	0.3	NA	NA	9	"1"
"acs"	"3"	2.2	5.62	0.32	45	0.31	NA	NA	10	"1"
"acs"	"3"	2.62	5.86	0.3	52	0.24	NA	NA	11	"1"
"acs"	"3"	1.95	4.71	0.27	36	0.21	NA	NA	10	"1"
"acs"	"3"	2.73	5.75	0.37	51	0.17	NA	NA	13	"1"
"acs"	"3"	2.2	5.33	0.32	46	0.4	NA	NA	9	"1"
"acs"	"3"	4.43	4.71	0.11	58	0.82	NA	NA	10	"1"
"acs"	"3"	3.59	2.12	0.43	63	0.68	NA	NA	19	"1"
"acs"	"3"	2.87	6.61	0.38	50	0.92	NA	NA	16	"1"
"acs"	"3"	2.8	4.81	0.4	54	0.34	NA	NA	9	"1"
"acs"	"3"	4.55	0.8	0.14	69	0.96	NA	NA	16	"1"
"acs"	"3"	4.07	3.5	0.03	41	0.84	NA	NA	19	"1"
"acs"	"3"	2.64	8.29	0.23	45	0.89	NA	NA	13	"1"
"acs"	"3"	2.75	4.26	0.4	51	0.27	NA	NA	13	"1"
"acs"	"3"	3.07	3.89	0.32	58	0.28	NA	NA	11	"1"
"acs"	"3"	2.49	4.67	0.58	57	0.4	NA	NA	11	"1"
"acs"	"3"	3.51	1.94	0.05	43	0.88	NA	NA	16	"1"
"acs"	"3"	2.59	5.94	0.4	54	0.32	NA	NA	13	"1"
"acs"	"3"	2.47	4.62	0.28	54	0.4	NA	NA	11	"1"
"acs"	"3"	2.55	5.03	0.6	55	0.42	NA	NA	9	"1"
"acs"	"3"	3.98	2.16	0.04	45	0.85	NA	NA	14	"1"
"mmas"	"3"	2.83	4.33	0.28	33	NA	NA	NA	14	"0"
"acs"	"3"	4.86	0.89	0.25	6	0.34	NA	NA	13	"1"
"acs"	"3"	3.76	4.49	0.21	61	0.63	NA	NA	15	"1"
"acs"	"3"	2.15	0.94	0.5	32	0.38	NA	NA	17	"1"
"acs"	"3"	2.05	4.75	0.22	13	0.19	NA	NA	16	"1"
"acs"	"3"	1.7	5.51	0.52	29	0.38	NA	NA	13	"1"
"acs"	"3"	2.88	4.9	0.33	48	0.52	NA	NA	13	"1"
"acs"	"3"	3.35	5.54	0.2	50	0.52	NA	NA	27	"1"
"acs"	"3"	2.05	3.68	0.58	50	0.49	NA	NA	22	"1"
"acs"	"3"	2.44	5.33	0.54	48	0.42	NA	NA	12	"1"
"acs"	"3"	3.77	4.18	0.21	55	0.62	NA	NA	15	"1"
"acs"	"3"	3.57	2.74	0.18	57	0.63	NA	NA	13	"1"
"acs"	"3"	2.99	3.51	0.32	54	0.57	NA	NA	16	"1"
"acs"	"3"	3.62	4.17	0.27	54	0.63	NA	NA	16	"1"
"acs"	"3"	3.52	3.83	0.11	55	0.68	NA	NA	15	"1"
"acs"	"3"	3.37	2.69	0.15	51	0.52	NA	NA	14	"1"
"acs"	"3"	3.13	4.05	0.23	49	0.67	NA	NA	15	"1"
"acs"	"3"	3.02	3.31	0.26	57	0.61	NA	NA	16	"1"
"acs"	"3"	4.48	5.28	0.33	65	0.54	NA	NA	16	"1"
"acs"	"3"	5	5.61	0.31	63	0.55	NA	NA	16	"1"
"acs"	"3"	2.94	3.1	0.31	57	0.6	NA	NA	15	"1"
"acs"	"3"	3.68	3.98	0.16	57	0.69	NA	NA	15	"1"
"acs"	"3"	3.82	2.85	0.15	50	0.5	NA	NA	15	"1"
"acs"	"3"	3.38	3.19	0.28	57	0.62	NA	NA	14	"1"
"acs"	"3"	2.92	3.83	0.35	61	0.59	NA	NA	12	"1"
"ras"	"3"	4.34	0.49	0.94	85	NA	15	NA	35	"0"
"acs"	"3"	3.36	2.28	0.22	55	0.86	NA	NA	8	"0"
"acs"	"3"	4.54	7.75	0.52	26	0.38	NA	NA	17	"1"
"acs"	"3"	3.47	0.65	0.23	51	0.83	NA	NA	16	"0"
"acs"	"3"	2.45	1.55	0.12	38	0.91	NA	NA	14	"1"
"acs"	"3"	4.59	1.69	0.12	57	0.95	NA	NA	8	"0"
"acs"	"3"	2.74	3.32	0.2	61	0.94	NA	NA	7	"1"
"acs"	"3"	1.58	3.61	0.11	27	0.81	NA	NA	13	"1"
"acs"	"3"	3.51	5.28	0.17	56	0.92	NA	NA	9	"1"
"acs"	"3"	1.82	2.33	0.34	60	0.93	NA	NA	8	"0"
"acs"	"3"	1.77	3.96	0.08	27	0.68	NA	NA	17	"1"
"acs"	"3"	2.64	3	0.21	55	0.82	NA	NA	9	"1"
"acs"	"3"	3.39	4.94	0.25	59	0.76	NA	NA	9	"1"
"acs"	"3"	2.72	4.23	0.16	52	0.95	NA	NA	9	"1"
"acs"	"3"	3.06	1.7	0.21	55	0.84	NA	NA	11	"1"
"acs"	"3"	3.32	1.73	0.22	58	0.84	NA	NA	10	"1"
"acs"	"3"	3.3	1.29	0.2	54	0.84	NA	NA	11	"1"
"acs"	"3"	3.36	1.85	0.2	59	0.81	NA	NA	12	"1"
"acs"	"3"	1.59	4.93	0.96	61	0.63	NA	NA	19	"1"
"acs"	"3"	3.74	9.85	0.69	66	0.25	NA	NA	11	"1"
"acs"	"3"	4.78	6.01	0.97	65	0.4	NA	NA	11	"1"
"acs"	"3"	4.02	8.99	0.69	8	0.24	NA	NA	11	"1"
"acs"	"3"	2.97	7.07	0.79	62	0.17	NA	NA	10	"1"
"acs"	"3"	3.91	9.02	0.61	59	0.13	NA	NA	9	"1"
"acs"	"3"	4.55	6.55	0.42	64	0.43	NA	NA	8	"1"
"acs"	"3"	3.34	9.07	0.48	55	0.04	NA	NA	12	"1"
"acs"	"3"	3.6	6.66	0.56	67	0.3	NA	NA	12	"1"
"acs"	"3"	3.5	8.02	0.48	60	0.35	NA	NA	11	"1"
"acs"	"3"	3.73	8.37	0.76	63	0.18	NA	NA	18	"1"
"acs"	"3"	2.78	6.81	0.67	55	0.15	NA	NA	13	"1"
"acs"	"3"	3.45	9.84	0.7	63	0.24	NA	NA	19	"1"
"acs"	"3"	3.35	7.25	0.54	57	0.36	NA	NA	11	"1"
"acs"	"3"	3.69	7.65	0.48	57	0.26	NA	NA	11	"1"
"acs"	"3"	3.64	7.25	0.71	67	0.3	NA	NA	13	"1"
"acs"	"3"	3.48	7.13	0.4	58	0.37	NA	NA	10	"1"
"acs"	"3"	3.62	9.63	0.82	55	0.13	NA	NA	19	"1"
"acs"	"3"	3.87	7.71	0.55	60	0.25	NA	NA	9	"1"
"acs"	"3"	3.68	7.37	0.57	62	0.35	NA	NA	13	"1"
"acs"	"3"	3.11	7.39	0.47	59	0.22	NA	NA	9	"1"
"acs"	"3"	3.72	7.19	0.74	64	0.33	NA	NA	13	"1"
"acs"	"3"	3.58	6.61	0.45	61	0.4	NA	NA	9	"1"
"acs"	"3"	2.19	3.6	0.61	21	0.48	NA	NA	20	"1"
"acs"	"3"	1.75	1.01	0.84	35	0.5	NA	NA	22	"1"
"acs"	"3"	3.28	1.22	0.87	15	0.78	NA	NA	17	"1"
"acs"	"3"	2.67	3.78	0.94	31	0.03	NA	NA	16	"1"
"acs"	"3"	3.26	4.95	0.5	24	0.09	NA	NA	10	"1"
"acs"	"3"	2.99	6.45	0.53	29	0.24	NA	NA	23	"1"
"acs"	"3"	1.94	6.54	0.2	23	0.48	NA	NA	27	"1"
"acs"	"3"	2.44	2.97	0.93	6	0.81	NA	NA	13	"1"
"acs"	"3"	1.62	4.82	0.72	30	0.46	NA	NA	16	"1"
"acs"	"3"	1.44	0.44	0.97	29	0.9	NA	NA	13	"1"
"acs"	"3"	1.85	6.43	0.93	44	0.37	NA	NA	21	"1"
"acs"	"3"	2.43	6.27	0.89	51	0.15	NA	NA	18	"1"
"acs"	"3"	1.99	4.45	0.89	48	0.27	NA	NA	18	"1"
"acs"	"3"	1.94	7.53	0.93	33	0.19	NA	NA	19	"1"
"acs"	"3"	1.49	2.33	0.81	26	0.8	NA	NA	15	"1"
"acs"	"3"	1.92	3.94	0.94	51	0.25	NA	NA	13	"1"
"acs"	"3"	2.12	4.74	0.97	55	0.25	NA	NA	16	"1"
"acs"	"3"	1.85	4.52	0.86	48	0.27	NA	NA	15	"1"
"acs"	"3"	1.82	4.46	0.84	48	0.2	NA	NA	14	"1"
"acs"	"3"	1.71	4.33	0.98	52	0.34	NA	NA	10	"1"
"acs"	"3"	1.87	4.35	0.86	52	0.28	NA	NA	10	"1"
"acs"	"3"	1.84	3.87	0.96	52	0.21	NA	NA	13	"1"
"acs"	"2"	4.03	7.06	0.81	66	0.64	NA	NA	23	"1"
"acs"	"3"	2.95	2.5	0.73	70	0.75	NA	NA	17	"1"
"acs"	"3"	1.5	4.16	0.85	65	0.96	NA	NA	28	"1"
"acs"	"3"	3.74	2.56	0.58	78	0.89	NA	NA	14	"1"
"acs"	"3"	1.51	8.75	0.72	33	0.62	NA	NA	10	"1"
"acs"	"3"	3.02	1.13	0.31	53	0.71	NA	NA	15	"1"
"acs"	"3"	4.3	1.25	0.3	57	0.57	NA	NA	13	"1"
"acs"	"3"	2.72	3.75	0.8	66	0.68	NA	NA	15	"1"
"acs"	"3"	3.36	2.84	0.79	75	0.82	NA	NA	14	"1"
"acs"	"3"	2.73	3.74	0.61	64	0.49	NA	NA	15	"1"
"acs"	"3"	2.81	3.03	0.78	64	0.75	NA	NA	13	"1"
"acs"	"3"	3.18	3.09	0.75	62	0.72	NA	NA	13	"1"
"acs"	"3"	2.67	4.05	0.72	66	0.7	NA	NA	15	"1"
"acs"	"3"	2.86	1.13	0.31	52	0.71	NA	NA	17	"1"
"mmas"	"3"	4.08	1.96	0.33	90	NA	NA	NA	48	"0"
"ras"	"3"	3.96	4.85	0.93	98	NA	27	NA	18	"1"
"mmas"	"3"	1.77	6.46	0.58	55	NA	NA	NA	27	"1"
"mmas"	"3"	4.11	4.54	0.18	22	NA	NA	NA	19	"1"
"acs"	"3"	4.45	3.99	0.78	66	0.38	NA	NA	31	"0"
"mmas"	"3"	2.87	3.94	0.25	15	NA	NA	NA	10	"0"
"mmas"	"3"	2.81	6.14	0.18	53	NA	NA	NA	16	"1"
"acs"	"3"	3.23	3.94	0.1	21	0.94	NA	NA	19	"1"
"acs"	"3"	4.64	5.21	0.31	17	0.68	NA	NA	19	"1"
"acs"	"3"	1.68	5.91	0.24	37	0.73	NA	NA	25	"1"
"acs"	"3"	3.61	4.12	0.64	32	0.8	NA	NA	19	"1"
"acs"	"3"	2.5	8.55	0.1	18	0.66	NA	NA	21	"1"
"acs"	"3"	3.38	4.38	0.09	10	0.93	NA	NA	18	"1"
"acs"	"3"	3.13	1.91	0.15	28	0.01	NA	NA	16	"1"
"acs"	"3"	3.12	3.07	0.42	61	0.86	NA	NA	25	"1"
"acs"	"3"	2.94	1.51	0.22	39	0.17	NA	NA	13	"1"
"acs"	"3"	3.61	1	0.04	27	0.18	NA	NA	15	"1"
"acs"	"3"	2.18	3.79	0.21	34	0.59	NA	NA	24	"1"
"acs"	"3"	2.57	3.12	0.16	41	0.16	NA	NA	15	"1"
"acs"	"3"	2.95	2.22	0.35	55	0.5	NA	NA	18	"1"
"acs"	"3"	2.44	2.66	0.21	41	0.14	NA	NA	15	"1"
"acs"	"3"	2.46	2.02	0.13	37	0.21	NA	NA	12	"1"
"acs"	"3"	3.55	0.38	0.05	31	0.12	NA	NA	11	"1"
"acs"	"3"	2.34	2.53	0.15	38	0.45	NA	NA	13	"1"
"acs"	"3"	2.53	2.67	0.22	41	0.23	NA	NA	13	"1"
"acs"	"3"	2.28	2.7	0.25	41	0.16	NA	NA	17	"1"
"acs"	"3"	2.49	2.34	0.12	35	0.22	NA	NA	14	"1"
"acs"	"3"	3.39	0.13	0.09	38	0.13	NA	NA	11	"1"
"mmas"	"3"	3.01	5.5	0.27	63	NA	NA	NA	32	"0"
"acs"	"2"	2.7	3.62	0.45	21	0.43	NA	NA	35	"1"
"ras"	"3"	3.17	3.94	0.79	66	NA	64	NA	27	"1"
"acs"	"3"	3.56	0.34	0.56	46	0.35	NA	NA	43	"0"
"acs"	"3"	1.72	5.42	0.83	38	0.78	NA	NA	38	"0"
"acs"	"3"	1.71	4.31	0.3	41	0.62	NA	NA	31	"1"
"acs"	"3"	2.85	9.52	0.38	35	0.52	NA	NA	28	"0"
"mmas"	"3"	1.11	0.36	0.89	30	NA	NA	NA	36	"0"
"ras"	"3"	3.5	7.08	0.76	84	NA	7	NA	19	"1"
"acs"	"3"	1.95	8.11	0.87	18	0.24	NA	NA	28	"1"
"acs"	"3"	2.42	8.97	0.73	19	0.48	NA	NA	29	"1"
"mmas"	"3"	1.58	9.05	0.69	47	NA	NA	NA	21	"1"
"acs"	"3"	2.6	7.31	0.71	23	0.37	NA	NA	36	"1"
"acs"	"3"	2.82	1.5	0.26	21	0.7	NA	NA	21	"1"
"acs"	"3"	2.35	9.23	0.7	41	0.68	NA	NA	25	"1"
"acs"	"3"	3.7	9.54	0.63	27	0.41	NA	NA	26	"1"
"acs"	"3"	2.36	1.87	0.25	41	0.7	NA	NA	26	"1"
"acs"	"3"	1.69	6.64	0.72	37	0.52	NA	NA	16	"1"
"acs"	"3"	2.71	8.93	0.68	27	0.59	NA	NA	13	"1"
"acs"	"3"	1.83	7.87	0.61	39	0.49	NA	NA	11	"1"
"acs"	"3"	1.65	8.24	0.69	40	0.53	NA	NA	12	"1"
"acs"	"3"	1.74	6.48	0.75	51	0.56	NA	NA	13	"1"
"acs"	"3"	2.36	8.88	0.66	50	0.63	NA	NA	15	"1"
"acs"	"3"	2.29	8.33	0.7	39	0.63	NA	NA	18	"1"
"acs"	"3"	2.34	8.52	0.65	48	0.5	NA	NA	17	"1"
"acs"	"3"	2.34	9.2	0.71	45	0.5	NA	NA	17	"1"
"acs"	"3"	1.58	6.21	0.77	42	0.52	NA	NA	10	"1"
"acs"	"3"	1.84	6.67	0.83	51	0.63	NA	NA	9	"1"
"acs"	"3"	2.22	8.77	0.65	47	0.64	NA	NA	13	"1"
"acs"	"3"	2.24	6.2	0.86	53	0.63	NA	NA	11	"1"
"acs"	"3"	2.41	7.55	0.61	54	0.64	NA	NA	11	"1"
"acs"	"3"	1.57	5.9	0.82	40	0.52	NA	NA	10	"1"
"acs"	"3"	2.51	8.41	0.65	50	0.43	NA	NA	15	"1"
"acs"	"3"	1.82	1.75	0.76	38	0.2	NA	NA	13	"0"
"mmas"	"3"	3.7	5.5	0.39	74	NA	NA	NA	19	"0"
"eas"	"3"	1.43	2.53	0.53	60	NA	NA	599	33	"1"
"acs"	"3"	2.84	0.17	0.98	45	0.61	NA	NA	14	"1"
"acs"	"3"	2	2.08	0.7	32	0.49	NA	NA	14	"0"
"acs"	"3"	2.78	2.32	0.47	29	0.34	NA	NA	36	"0"
"acs"	"3"	2.96	0.03	0.6	46	0.87	NA	NA	9	"1"
"acs"	"3"	2.14	3.05	0.54	44	0.41	NA	NA	21	"1"
"acs"	"3"	3.19	1.59	0.28	47	0.6	NA	NA	10	"1"
"acs"	"3"	2.71	0.07	0.42	31	0.47	NA	NA	12	"1"
"acs"	"3"	1.43	1.87	0.66	33	0.83	NA	NA	21	"1"
"acs"	"3"	2.37	1.2	0.52	45	0.33	NA	NA	6	"0"
"acs"	"3"	2.81	2.78	0.26	54	0.61	NA	NA	15	"1"
"acs"	"3"	3.18	3.3	0.27	57	0.49	NA	NA	11	"1"
"acs"	"3"	3.24	3.1	0.31	63	0.69	NA	NA	7	"1"
"acs"	"3"	2.28	1.12	0.39	41	0.44	NA	NA	12	"1"
"acs"	"3"	3.02	1.46	0.29	14	0.4	NA	NA	23	"1"
"acs"	"3"	2.7	3.07	0.26	54	0.54	NA	NA	11	"1"
"acs"	"3"	2.97	0.96	0.44	55	0.46	NA	NA	11	"1"
"acs"	"3"	3.59	3.68	0.26	57	0.57	NA	NA	10	"1"
"acs"	"3"	2.44	0.26	0.51	46	0.3	NA	NA	12	"1"
"acs"	"3"	3.71	3.69	0.24	57	0.49	NA	NA	13	"1"
"acs"	"3"	3.64	3.89	0.25	56	0.53	NA	NA	16	"1"
"acs"	"3"	4.24	3.94	0.17	58	0.46	NA	NA	13	"1"
"acs"	"3"	3.17	8.45	0.64	5	0.87	NA	NA	6	"1"
"mmas"	"3"	2.78	3.61	0.44	96	NA	NA	NA	19	"1"
"acs"	"3"	2.72	9.46	0.96	13	0.28	NA	NA	9	"1"
"acs"	"3"	3.21	9.46	0.16	7	0.82	NA	NA	35	"1"
"acs"	"3"	2.52	4.45	0.43	9	0.63	NA	NA	11	"1"
"acs"	"3"	2.8	9.41	0.59	25	0.52	NA	NA	20	"0"
"acs"	"3"	1.3	8.83	0.94	18	0.93	NA	NA	12	"1"
"acs"	"3"	1.81	5.54	0.7	26	0.41	NA	NA	10	"1"
"acs"	"3"	2.16	9.76	0.98	5	0.4	NA	NA	12	"1"
"acs"	"3"	2.16	4.55	0.54	6	0.47	NA	NA	19	"1"
"acs"	"3"	1.96	8.63	0.78	22	0.55	NA	NA	20	"1"
"acs"	"3"	1.5	7.65	0.67	22	0.21	NA	NA	10	"1"
"acs"	"3"	1.92	5.09	0.85	35	0.46	NA	NA	13	"1"
"acs"	"3"	1.35	4.1	0.76	22	0.53	NA	NA	20	"1"
"acs"	"3"	1.84	7.45	0.74	11	0.65	NA	NA	11	"1"
"acs"	"3"	1.7	4.69	0.81	40	0.42	NA	NA	16	"1"
"acs"	"3"	1.79	7.23	0.68	26	0.23	NA	NA	12	"1"
"acs"	"3"	1.59	8.69	0.87	5	0.61	NA	NA	12	"1"
"acs"	"3"	1.68	7.2	0.63	17	0.56	NA	NA	10	"1"
"acs"	"3"	1.68	7.63	0.63	32	0.18	NA	NA	12	"1"
"acs"	"3"	1.53	7.16	0.58	25	0.33	NA	NA	11	"1"
"acs"	"3"	1.5	6.94	0.66	20	0.6	NA	NA	13	"1"
"acs"	"3"	2.1	6.48	0.69	38	0.26	NA	NA	11	"1"
"acs"	"3"	1.86	7.81	0.66	39	0.16	NA	NA	12	"1"
"acs"	"3"	1.52	8.21	0.69	26	0.19	NA	NA	13	"1"
"mmas"	"3"	1.06	3.23	0.95	21	NA	NA	NA	43	"0"
"eas"	"3"	0.86	1.12	0.31	25	NA	NA	646	25	"1"
"acs"	"2"	2.74	9.87	0.18	13	0.05	NA	NA	42	"0"
"acs"	"3"	4.28	5.3	0.73	63	0.25	NA	NA	28	"0"
"acs"	"3"	2.45	4.98	0.39	56	0.47	NA	NA	13	"1"
"acs"	"3"	2.1	6.05	0.81	38	0.45	NA	NA	26	"1"
"acs"	"3"	2.46	4.27	0.13	45	0.48	NA	NA	20	"1"
"acs"	"3"	1.84	5.05	0.13	28	0.59	NA	NA	18	"1"
"acs"	"3"	1.77	4.71	0.26	46	0.76	NA	NA	17	"1"
"acs"	"3"	3.07	4.35	0.4	57	0.52	NA	NA	11	"1"
"acs"	"3"	1.98	4.99	0.51	46	0.42	NA	NA	22	"1"
"acs"	"3"	2.14	5.67	0.26	46	0.54	NA	NA	9	"1"
"acs"	"3"	2.36	4.36	0.35	51	0.54	NA	NA	10	"1"
"acs"	"3"	2.5	5.1	0.36	56	0.43	NA	NA	11	"1"
"acs"	"3"	2.95	4.05	0.42	60	0.42	NA	NA	13	"1"
"acs"	"3"	1.56	4.64	0.19	33	0.72	NA	NA	14	"1"
"acs"	"3"	2.9	4.59	0.4	54	0.38	NA	NA	13	"1"
"acs"	"3"	2.81	3.51	0.47	57	0.48	NA	NA	11	"1"
"acs"	"3"	2.98	4.19	0.42	60	0.36	NA	NA	12	"1"
"acs"	"3"	2.81	4.17	0.44	58	0.47	NA	NA	11	"1"
"acs"	"3"	2.75	4.33	0.4	57	0.37	NA	NA	13	"1"
"acs"	"3"	2.81	3.62	0.44	59	0.49	NA	NA	13	"1"
"acs"	"3"	2.79	4.23	0.43	55	0.36	NA	NA	14	"1"
"acs"	"2"	3.09	3.56	0.26	41	0.79	NA	NA	42	"1"
"ras"	"3"	2.39	2.78	0.58	100	NA	54	NA	13	"1"
"acs"	"3"	4.21	0.7	0.6	26	0.72	NA	NA	29	"1"
"acs"	"3"	3.12	7.3	0.28	64	0.81	NA	NA	13	"1"
"acs"	"3"	2.38	2.97	0.74	44	0.94	NA	NA	14	"0"
"acs"	"3"	4.93	3.54	0.33	43	0.03	NA	NA	15	"1"
"acs"	"3"	2.76	3.95	0.51	19	0.86	NA	NA	21	"1"
"acs"	"3"	3.73	0.75	0.4	19	0.49	NA	NA	19	"1"
"acs"	"3"	4.66	4.44	0.94	65	0.03	NA	NA	21	"1"
"acs"	"3"	3.69	2.76	0.44	71	0.8	NA	NA	32	"1"
"acs"	"3"	2.31	5.94	0.43	65	0.91	NA	NA	16	"1"
"acs"	"3"	3.79	5.75	0.92	75	0.07	NA	NA	14	"1"
"acs"	"3"	4.68	6.39	0.8	76	0.18	NA	NA	20	"1"
"acs"	"3"	4.09	6.83	0.66	71	0.23	NA	NA	24	"1"
"acs"	"3"	3.67	2.58	0.94	70	0.31	NA	NA	15	"1"
"acs"	"3"	2.69	6.07	0.32	56	0.78	NA	NA	12	"1"
"acs"	"3"	3.65	7.61	0.28	58	0.8	NA	NA	15	"1"
"acs"	"3"	2.65	5.8	0.25	51	0.75	NA	NA	11	"1"
"acs"	"3"	3.51	5.64	0.42	60	0.67	NA	NA	10	"1"
"acs"	"3"	3.05	1.89	0.89	61	0.31	NA	NA	19	"1"
"acs"	"3"	3.5	6.36	0.49	61	0.69	NA	NA	11	"1"
"acs"	"3"	2.61	4.98	0.16	47	0.73	NA	NA	13	"1"
"acs"	"3"	3.29	6.93	0.54	62	0.7	NA	NA	11	"1"
"acs"	"3"	3.51	6.62	0.28	59	0.82	NA	NA	17	"1"
"acs"	"3"	2.79	6.52	0.17	50	0.77	NA	NA	11	"1"
"acs"	"3"	3.47	5.98	0.51	64	0.66	NA	NA	10	"1"
"acs"	"3"	2.96	5.85	0.3	56	0.66	NA	NA	12	"1"
"as"	"3"	4.6	3.98	0.59	52	NA	NA	NA	10	"1"
"acs"	"3"	4.13	5.54	0.12	31	0.69	NA	NA	49	"0"
"mmas"	"3"	1.01	1.79	0.74	67	NA	NA	NA	32	"0"
"ras"	"3"	4.48	2.81	0.44	68	NA	49	NA	8	"1"
"acs"	"3"	2.12	8.23	0.58	45	0.12	NA	NA	30	"1"
"acs"	"3"	3.83	5.19	0.45	8	0.12	NA	NA	34	"1"
"acs"	"3"	3.01	8.62	0.94	44	0.29	NA	NA	25	"1"
"acs"	"3"	3.58	4.53	0.88	5	0.17	NA	NA	27	"1"
"acs"	"3"	2.93	5.39	0.25	22	0.13	NA	NA	26	"1"
"acs"	"3"	2.23	5.17	0.51	54	0.41	NA	NA	26	"1"
"acs"	"3"	2.45	9.91	0.75	31	0.29	NA	NA	17	"1"
"acs"	"3"	3.02	5.5	0.91	59	0.44	NA	NA	22	"1"
"acs"	"3"	2.1	9.2	0.74	38	0.18	NA	NA	21	"1"
"acs"	"3"	1.65	7.65	0.91	29	0.48	NA	NA	19	"1"
"acs"	"3"	1.8	5.13	0.71	42	0.33	NA	NA	15	"1"
"acs"	"3"	2.59	9.49	0.57	41	0.21	NA	NA	18	"1"
"acs"	"3"	2.01	4.26	0.42	46	0.45	NA	NA	17	"1"
"acs"	"3"	3.18	5.45	0.85	69	0.65	NA	NA	23	"1"
"acs"	"3"	1.88	8.1	0.87	35	0.47	NA	NA	22	"1"
"acs"	"3"	1.79	3.91	0.45	49	0.46	NA	NA	14	"1"
"acs"	"3"	2.44	4.6	0.44	52	0.37	NA	NA	15	"1"
"acs"	"3"	1.82	4.46	0.37	48	0.63	NA	NA	14	"1"
"acs"	"3"	1.99	4.41	0.42	50	0.56	NA	NA	12	"1"
"acs"	"3"	1.62	3.24	0.43	38	0.3	NA	NA	14	"1"
"acs"	"3"	2.47	4.24	0.37	52	0.43	NA	NA	14	"1"
"acs"	"3"	2.03	5.16	0.34	43	0.5	NA	NA	15	"1"
"acs"	"3"	2.54	4.32	0.33	49	0.54	NA	NA	12	"1"
"acs"	"3"	2.13	4.53	0.3	47	0.59	NA	NA	15	"1"
"acs"	"3"	4.35	4.99	0.04	34	0.15	NA	NA	30	"1"
"acs"	"3"	3.17	8.06	0.5	59	0.12	NA	NA	18	"1"
"acs"	"3"	3.24	5.07	0.11	38	0.32	NA	NA	24	"1"
"acs"	"3"	4.23	3.55	0.07	9	0.1	NA	NA	23	"1"
"acs"	"3"	4.87	4.5	0.05	47	0.29	NA	NA	19	"1"
"acs"	"3"	4.69	6.47	0.16	55	0.17	NA	NA	11	"1"
"acs"	"3"	2.97	3.27	0.04	30	0.26	NA	NA	19	"1"
"acs"	"3"	2.88	6.82	0.69	60	0.23	NA	NA	11	"1"
"acs"	"3"	4.28	4.78	0.23	57	0.25	NA	NA	17	"1"
"acs"	"3"	3.48	7.55	0.67	64	0.34	NA	NA	14	"1"
"acs"	"3"	3.61	5.79	0.18	52	0.18	NA	NA	10	"1"
"acs"	"3"	4.94	5.99	0.17	54	0.06	NA	NA	14	"1"
"acs"	"3"	3.24	5.07	0.03	35	0.42	NA	NA	13	"1"
"acs"	"3"	4.82	5.74	0.17	55	0.18	NA	NA	12	"1"
"acs"	"3"	4.94	7.06	0.15	56	0.06	NA	NA	12	"1"
"acs"	"3"	3.4	5.55	0.24	54	0.23	NA	NA	12	"1"
"acs"	"3"	3.57	6.26	0.15	47	0.12	NA	NA	12	"1"
"acs"	"3"	4.84	6.73	0.14	50	0.28	NA	NA	12	"1"
"acs"	"3"	4.93	7.45	0.19	57	0.13	NA	NA	12	"1"
"acs"	"3"	0.97	7.57	0.94	8	0.95	NA	NA	33	"0"
"as"	"3"	3.86	0.54	0.05	19	NA	NA	NA	19	"1"
"mmas"	"3"	1.22	4.05	0.63	27	NA	NA	NA	28	"0"
"acs"	"2"	3.13	3.59	0.34	55	0.04	NA	NA	42	"0"
"acs"	"3"	2.01	9.98	0.4	12	0.71	NA	NA	14	"0"
"acs"	"3"	3.42	6.25	0.12	50	0.6	NA	NA	22	"0"
"acs"	"3"	2.7	7	0.42	57	0.4	NA	NA	21	"0"
"acs"	"3"	3.9	8.78	0.48	43	0.4	NA	NA	10	"0"
"acs"	"3"	3.69	3.84	0.09	51	0.33	NA	NA	15	"1"
"acs"	"3"	2.48	7.1	0.24	27	0.3	NA	NA	22	"0"
"acs"	"3"	3.05	6.89	0.21	43	0.4	NA	NA	18	"1"
"acs"	"3"	3.52	2.01	0.37	59	0.3	NA	NA	12	"1"
"acs"	"3"	3.64	5.97	0.24	58	0.34	NA	NA	14	"1"
"acs"	"3"	3.18	3.66	0.15	44	0.42	NA	NA	11	"1"
"acs"	"3"	3.78	4.51	0.26	62	0.56	NA	NA	12	"1"
"acs"	"3"	2.41	1.97	0.3	52	0.61	NA	NA	15	"1"
"acs"	"3"	3.04	6.37	0.32	52	0.25	NA	NA	11	"1"
"acs"	"3"	3.75	5.54	0.15	54	0.51	NA	NA	12	"1"
"acs"	"3"	3.55	7.75	0.4	54	0.35	NA	NA	21	"1"
"acs"	"3"	4	5.24	0.11	53	0.38	NA	NA	11	"1"
"acs"	"3"	3.41	6.45	0.29	55	0.17	NA	NA	13	"1"
"acs"	"3"	3.88	4.78	0.16	51	0.36	NA	NA	10	"1"
"acs"	"3"	4.14	4.86	0.15	53	0.24	NA	NA	10	"1"
"acs"	"3"	3.23	6.29	0.27	55	0.22	NA	NA	14	"1"
"acs"	"3"	4.01	4.99	0.14	51	0.23	NA	NA	12	"1"
"ras"	"3"	4.14	6.27	0.87	86	NA	6	NA	32	"0"
"mmas"	"3"	3.94	9.32	0.4	78	NA	NA	NA	16	"1"
"mmas"	"3"	1.28	2.13	0.74	45	NA	NA	NA	17	"0"
"mmas"	"3"	0.94	3.27	0.77	5	NA	NA	NA	11	"1"
"acs"	"3"	4.81	7.81	0.71	67	0.83	NA	NA	10	"1"
"acs"	"3"	3.2	7.42	0.52	43	0.17	NA	NA	16	"1"
"acs"	"3"	4.33	9.43	0.4	62	0.28	NA	NA	10	"1"
"acs"	"3"	4.81	9.25	0.57	63	0.05	NA	NA	18	"1"
"acs"	"3"	4.83	7.55	0.55	70	0.55	NA	NA	8	"1"
"acs"	"3"	3.23	9.53	0.41	51	0.27	NA	NA	13	"1"
"acs"	"3"	4.78	9.7	0.31	55	0	NA	NA	16	"1"
"acs"	"3"	4.89	9.66	0.53	57	0.36	NA	NA	20	"1"
"acs"	"3"	4.9	9.7	0.55	66	0.08	NA	NA	15	"1"
"acs"	"3"	4.7	8.39	0.56	69	0.05	NA	NA	14	"1"
"acs"	"3"	4.72	9.89	0.59	62	0	NA	NA	13	"1"
"acs"	"3"	4.49	9.36	0.61	63	0.18	NA	NA	13	"1"
"acs"	"3"	4.77	9.27	0.52	67	0.12	NA	NA	12	"1"
"acs"	"3"	4.68	9.41	0.58	64	0.07	NA	NA	17	"1"
"eas"	"3"	3.33	2.67	0.08	44	NA	NA	284	22	"1"
"as"	"3"	4.89	8.29	0.89	14	NA	NA	NA	30	"1"
"eas"	"3"	2	3.76	0.5	52	NA	NA	671	17	"1"
"ras"	"3"	4.38	6.03	0.37	6	NA	21	NA	14	"0"
"acs"	"3"	2.38	1.83	0.91	32	0.85	NA	NA	18	"0"
"acs"	"3"	3.01	2.7	0.74	49	0.71	NA	NA	12	"0"
"acs"	"3"	3.19	0.85	0.17	52	0.77	NA	NA	33	"0"
"acs"	"3"	3.4	7.17	0.94	47	0.54	NA	NA	17	"0"
"acs"	"3"	4.22	7	0.67	23	0.79	NA	NA	30	"1"
"acs"	"3"	2.28	7.1	0.75	44	0.37	NA	NA	34	"1"
"acs"	"3"	1.77	3.31	0.6	31	0.61	NA	NA	14	"1"
"acs"	"3"	2.68	5.37	0.57	50	0.19	NA	NA	17	"1"
"acs"	"3"	2.94	9.61	0.76	57	0.42	NA	NA	20	"1"
"acs"	"3"	2.93	8.29	0.77	62	0.8	NA	NA	12	"1"
"acs"	"3"	1.98	6.95	0.4	43	0.61	NA	NA	19	"1"
"acs"	"3"	3.77	7.38	0.81	66	0.54	NA	NA	19	"1"
"acs"	"3"	2.93	9.02	0.46	56	0.28	NA	NA	18	"1"
"acs"	"3"	3.37	6.54	0.9	66	0.63	NA	NA	14	"1"
"acs"	"3"	3.33	7.45	0.77	63	0.52	NA	NA	22	"1"
"acs"	"3"	3.12	7.88	0.75	56	0.32	NA	NA	24	"1"
"acs"	"3"	3.32	7.42	0.91	63	0.63	NA	NA	13	"1"
"acs"	"3"	3.02	7.02	0.87	64	0.56	NA	NA	13	"1"
"acs"	"3"	3.11	6.37	0.84	68	0.77	NA	NA	11	"1"
"acs"	"3"	3.09	6.46	0.91	64	0.6	NA	NA	15	"1"
"acs"	"3"	3.34	7.65	0.91	63	0.42	NA	NA	21	"1"
"acs"	"3"	2.98	6.33	0.89	70	0.61	NA	NA	15	"1"
"acs"	"3"	3.03	7.15	0.9	66	0.61	NA	NA	13	"1"
"acs"	"3"	3.41	6.71	0.86	70	0.88	NA	NA	11	"1"
"acs"	"3"	3	8.17	0.89	63	0.59	NA	NA	16	"1"
"mmas"	"3"	1.95	5.93	0.48	25	NA	NA	NA	49	"0"
"acs"	"3"	3.4	5.56	0.6	47	0.22	NA	NA	35	"1"
"acs"	"3"	2.55	7.88	0.63	51	0.61	NA	NA	45	"1"
"acs"	"3"	2.92	7.28	0.88	38	0.87	NA	NA	35	"1"
"acs"	"3"	4.21	7.74	0.4	58	0.45	NA	NA	25	"1"
"acs"	"3"	2.77	8.07	0.31	48	0.57	NA	NA	20	"1"
"acs"	"3"	2.7	8.94	0.61	42	0.1	NA	NA	23	"1"
"acs"	"3"	3.32	4.29	0.21	53	0.49	NA	NA	25	"1"
"acs"	"3"	2.86	8.59	0.46	51	0.56	NA	NA	15	"1"
"acs"	"3"	2.02	6.84	0.38	44	0.46	NA	NA	19	"1"
"acs"	"3"	2.74	8.66	0.39	48	0.21	NA	NA	16	"1"
"acs"	"3"	3.25	5.99	0.62	59	0.03	NA	NA	23	"1"
"acs"	"3"	2.22	4.8	0.37	50	0.44	NA	NA	14	"1"
"acs"	"3"	1.99	7.02	0.37	41	0.44	NA	NA	16	"1"
"acs"	"3"	2.62	6.46	0.75	60	0.23	NA	NA	20	"1"
"acs"	"3"	3.13	7.72	0.48	53	0.33	NA	NA	16	"1"
"acs"	"3"	1.97	5.37	0.42	48	0.42	NA	NA	12	"1"
"acs"	"3"	3.18	7.31	0.51	56	0.23	NA	NA	15	"1"
"acs"	"3"	2.5	3.54	0.34	53	0.4	NA	NA	14	"1"
"acs"	"3"	2.11	4.67	0.41	49	0.49	NA	NA	16	"1"
"acs"	"3"	1.72	4.74	0.48	47	0.38	NA	NA	10	"1"
"acs"	"3"	2.32	4.8	0.33	44	0.48	NA	NA	14	"1"
"eas"	"3"	1.54	9.11	0.17	5	NA	NA	541	20	"1"
"ras"	"3"	3.65	1.45	0.81	21	NA	9	NA	33	"0"
"acs"	"3"	3.88	4.83	0.09	24	0.02	NA	NA	17	"1"
"acs"	"3"	4.78	9.82	0.32	24	0.68	NA	NA	26	"1"
"acs"	"3"	2.87	2.71	0.35	42	0.21	NA	NA	27	"1"
"acs"	"3"	1.51	5.29	0.18	33	0.42	NA	NA	10	"1"
"acs"	"3"	3.4	1.39	0.36	5	0.27	NA	NA	16	"1"
"acs"	"3"	3.47	4.4	0.27	16	0.12	NA	NA	28	"1"
"acs"	"3"	3.32	5.76	0.18	31	0.54	NA	NA	23	"1"
"acs"	"3"	2.11	3.97	0.33	19	0.19	NA	NA	16	"1"
"acs"	"3"	2.33	4.86	0.38	51	0.4	NA	NA	21	"1"
"acs"	"3"	2.44	5.02	0.1	43	0.54	NA	NA	16	"1"
"acs"	"3"	3.1	6.34	0.15	42	0.21	NA	NA	10	"1"
"acs"	"3"	2.54	3.1	0.5	43	0.12	NA	NA	22	"1"
"acs"	"3"	2.17	5.85	0.17	45	0.65	NA	NA	10	"1"
"acs"	"3"	2.77	7.11	0.13	34	0.27	NA	NA	14	"1"
"acs"	"3"	2.87	6.55	0.15	41	0.26	NA	NA	12	"1"
"acs"	"3"	2.78	5.02	0.39	53	0.33	NA	NA	25	"1"
"acs"	"3"	3.12	7.95	0.12	34	0.31	NA	NA	13	"1"
"acs"	"3"	2.82	6.9	0.13	36	0.35	NA	NA	15	"1"
"acs"	"3"	3.24	7.92	0.08	37	0.32	NA	NA	13	"1"
"acs"	"3"	2.56	4.81	0.39	49	0.4	NA	NA	19	"1"
"eas"	"3"	2.4	3.62	0.42	74	NA	NA	263	43	"1"
"acs"	"3"	3.17	7.75	0.51	53	0.91	NA	NA	11	"0"
"acs"	"3"	2.69	2.2	0.88	52	0.25	NA	NA	36	"1"
"acs"	"3"	3.32	6.41	0.4	50	0.15	NA	NA	27	"0"
"acs"	"3"	3.04	4.02	0.93	62	0.43	NA	NA	23	"1"
"acs"	"3"	1.5	5.72	0.29	29	0.86	NA	NA	23	"1"
"acs"	"3"	2.22	6.81	0.48	56	0.95	NA	NA	5	"0"
"acs"	"3"	3.31	9.1	0.87	60	0.78	NA	NA	9	"1"
"acs"	"3"	3.02	6.2	0.92	63	0.57	NA	NA	7	"1"
"acs"	"3"	3.55	8.11	0.92	72	0.82	NA	NA	8	"1"
"acs"	"3"	3.59	6.58	0.92	62	0.37	NA	NA	14	"1"
"acs"	"3"	3.89	8.19	0.94	62	0.77	NA	NA	17	"1"
"acs"	"3"	3.26	6.61	0.64	59	0.73	NA	NA	11	"1"
"acs"	"3"	3.72	8.1	1	74	0.9	NA	NA	15	"1"
"acs"	"3"	2.7	3.04	0.72	69	0.73	NA	NA	8	"1"
"acs"	"3"	2.09	5.89	0.89	58	0.67	NA	NA	12	"1"
"acs"	"3"	3.23	7.6	0.96	69	0.61	NA	NA	10	"1"
"acs"	"3"	2.9	7.33	0.82	59	0.31	NA	NA	13	"1"
"acs"	"3"	4.03	8	0.97	73	0.94	NA	NA	14	"1"
"acs"	"3"	3.18	7.22	0.85	63	0.67	NA	NA	9	"1"
"acs"	"3"	3.24	9.01	0.96	67	0.51	NA	NA	12	"1"
"acs"	"3"	3.71	8.73	0.94	69	0.82	NA	NA	13	"1"
"acs"	"3"	3.59	8.01	0.92	70	0.84	NA	NA	11	"1"
"acs"	"3"	4.02	8.59	0.95	75	0.82	NA	NA	12	"1"
"acs"	"3"	3.64	7.62	0.93	72	0.79	NA	NA	11	"1"
"acs"	"3"	3.73	8.78	0.94	68	0.85	NA	NA	13	"1"
"acs"	"3"	2.42	6.24	0.36	35	0.65	NA	NA	42	"1"
"acs"	"3"	3.59	7.33	0.22	30	0.88	NA	NA	49	"1"
"mmas"	"3"	4.37	7.64	0.31	9	NA	NA	NA	47	"0"
"mmas"	"2"	0.93	7.02	0.87	39	NA	NA	NA	39	"1"
"acs"	"3"	2.81	9.3	0.65	14	0.65	NA	NA	37	"1"
"acs"	"3"	1.94	4.61	0.35	32	0.33	NA	NA	32	"1"
"acs"	"3"	4.05	6.52	0.2	41	0.36	NA	NA	42	"1"
"acs"	"3"	3.25	4.07	0.53	23	0.41	NA	NA	32	"1"
"acs"	"3"	2.26	6.76	0.43	32	0.68	NA	NA	36	"1"
"acs"	"3"	2.17	9.9	0.51	6	0.53	NA	NA	27	"1"
"acs"	"3"	1.99	9.11	0.46	9	0.44	NA	NA	15	"1"
"acs"	"3"	2.42	4.57	0.59	47	0.5	NA	NA	27	"1"
"acs"	"3"	2.28	3.96	0.35	52	0.52	NA	NA	26	"1"
"acs"	"3"	2.02	9.84	0.52	14	0.44	NA	NA	21	"1"
"acs"	"3"	1.98	9.42	0.29	12	0.28	NA	NA	13	"1"
"acs"	"3"	1.44	8.27	0.31	14	0.55	NA	NA	13	"1"
"acs"	"3"	2.69	9.92	0.53	27	0.46	NA	NA	19	"1"
"acs"	"3"	1.84	8.52	0.58	17	0.3	NA	NA	17	"1"
"acs"	"3"	2.99	5.39	0.5	49	0.46	NA	NA	20	"1"
"acs"	"3"	2.31	6.5	0.61	53	0.41	NA	NA	23	"1"
"acs"	"3"	1.55	8.38	0.37	20	0.67	NA	NA	13	"1"
"acs"	"3"	1.62	7.79	0.4	15	0.53	NA	NA	14	"1"
"acs"	"3"	3.03	6.04	0.46	57	0.45	NA	NA	20	"1"
"acs"	"3"	3.08	6.83	0.51	58	0.49	NA	NA	18	"1"
"acs"	"3"	3.03	5.66	0.47	57	0.44	NA	NA	18	"1"
"acs"	"3"	1.72	8.54	0.41	25	0.69	NA	NA	14	"1"
"acs"	"3"	3.1	5.48	0.44	56	0.44	NA	NA	19	"1"
"acs"	"2"	2.85	5.07	0.92	57	0.32	NA	NA	37	"0"
"ras"	"3"	3.63	7.26	0.34	6	NA	18	NA	24	"0"
"mmas"	"3"	3.86	6.79	0.41	53	NA	NA	NA	45	"0"
"mmas"	"3"	1.52	4.6	0.69	20	NA	NA	NA	35	"1"
"mmas"	"3"	2.18	8.27	0.53	9	NA	NA	NA	47	"1"
"acs"	"3"	4.02	4.05	0.15	34	0.28	NA	NA	38	"1"
"acs"	"3"	3.74	2.93	0.02	14	0.45	NA	NA	23	"0"
"acs"	"3"	2.13	2.29	0.82	39	0.25	NA	NA	43	"0"
"mmas"	"3"	4.48	4.89	0.28	66	NA	NA	NA	40	"0"
"acs"	"3"	1.86	4.89	0.03	5	0.4	NA	NA	18	"1"
"acs"	"3"	4.57	7.7	0.19	47	0.74	NA	NA	26	"1"
"acs"	"3"	3.38	4.36	0.13	14	0.42	NA	NA	15	"1"
"acs"	"3"	1.89	0.96	0.11	18	0.92	NA	NA	33	"1"
"acs"	"3"	4.68	8.05	0.04	29	0.11	NA	NA	32	"1"
"acs"	"3"	1.89	5.28	0.04	13	0.71	NA	NA	12	"1"
"acs"	"3"	2.42	5.8	0.12	16	0.48	NA	NA	18	"1"
"acs"	"3"	2.11	8.18	0.07	9	0.21	NA	NA	10	"1"
"acs"	"3"	1.85	4.81	0.14	27	0.29	NA	NA	21	"1"
"acs"	"3"	2.08	5.16	0.13	22	0.42	NA	NA	10	"1"
"acs"	"3"	2.32	3.47	0.15	29	0.32	NA	NA	16	"1"
"acs"	"3"	2.38	5.22	0.12	38	0.25	NA	NA	20	"1"
"acs"	"3"	2.2	4.47	0.2	30	0.26	NA	NA	14	"1"
"acs"	"3"	1.77	4.54	0.12	19	0.7	NA	NA	13	"1"
"acs"	"3"	2.06	5.5	0.05	24	0.77	NA	NA	14	"1"
"acs"	"3"	2.63	5.65	0.02	18	0.74	NA	NA	12	"1"
"acs"	"3"	1.94	4.3	0.11	33	0.36	NA	NA	11	"1"
"acs"	"3"	2.03	3.43	0.13	24	0.28	NA	NA	16	"1"
"acs"	"3"	1.75	5.1	0.1	24	0.82	NA	NA	10	"1"
"acs"	"3"	2.32	3.77	0.1	34	0.37	NA	NA	13	"1"
"acs"	"3"	1.95	4.84	0.1	33	0.36	NA	NA	14	"1"
"eas"	"3"	4.5	8.92	0.48	94	NA	NA	129	16	"1"
"eas"	"3"	3.15	3.57	0.23	70	NA	NA	182	16	"1"
"acs"	"3"	3.42	2.94	0.24	69	0.96	NA	NA	20	"0"
"acs"	"3"	3.48	0.72	0.72	61	0.77	NA	NA	6	"0"
"acs"	"3"	4.8	2.87	0.3	65	0.59	NA	NA	22	"1"
"acs"	"3"	3.37	5.14	0.47	67	0.82	NA	NA	17	"1"
"acs"	"3"	2.68	4.3	0.47	56	0.59	NA	NA	20	"1"
"acs"	"3"	3.17	4.77	0.57	67	0.77	NA	NA	10	"1"
"acs"	"3"	4.04	5.25	0.66	70	0.8	NA	NA	23	"1"
"acs"	"3"	3.17	5.59	0.48	69	0.8	NA	NA	13	"1"
"acs"	"3"	3.61	6.33	0.6	67	0.85	NA	NA	16	"1"
"acs"	"3"	2.75	5.82	0.57	63	0.8	NA	NA	9	"1"
"acs"	"3"	3.08	2.71	0.38	66	0.89	NA	NA	16	"1"
"acs"	"3"	2.79	4.73	0.42	69	0.87	NA	NA	13	"1"
"acs"	"3"	2.59	4.97	0.6	59	0.76	NA	NA	13	"1"
"acs"	"3"	3.25	5.38	0.44	64	0.86	NA	NA	11	"1"
"acs"	"3"	2.85	4.52	0.43	62	0.78	NA	NA	19	"1"
"acs"	"3"	3.82	6.49	0.65	69	0.82	NA	NA	15	"1"
"acs"	"3"	3.31	4.51	0.46	62	0.84	NA	NA	13	"1"
"acs"	"3"	3.37	5.11	0.41	66	0.85	NA	NA	13	"1"
"acs"	"3"	3.45	6.22	0.68	69	0.82	NA	NA	12	"1"
"acs"	"3"	4.25	6.49	0.19	28	0.35	NA	NA	14	"0"
"acs"	"3"	2.79	6.59	0.35	56	0.76	NA	NA	23	"1"
"acs"	"3"	2.2	4.89	0.91	56	0.67	NA	NA	19	"1"
"acs"	"3"	3.49	6.1	0.19	58	0.68	NA	NA	10	"1"
"acs"	"3"	2.51	8.02	0.6	53	0.76	NA	NA	18	"1"
"acs"	"3"	3.77	7.53	0.09	46	0.62	NA	NA	10	"1"
"acs"	"3"	3.81	7.39	0.47	62	0.63	NA	NA	16	"1"
"acs"	"3"	1.37	4.08	0.8	43	0.55	NA	NA	12	"1"
"acs"	"3"	3.2	7.13	0.4	57	0.61	NA	NA	11	"1"
"acs"	"3"	4.32	7.44	0.37	63	0.72	NA	NA	10	"1"
"acs"	"3"	2.93	7.24	0.32	53	0.73	NA	NA	15	"1"
"acs"	"3"	3.67	6.08	0.24	58	0.58	NA	NA	9	"1"
"acs"	"3"	4.3	6.63	0.46	66	0.62	NA	NA	16	"1"
"acs"	"3"	3.51	6.86	0.42	62	0.51	NA	NA	19	"1"
"acs"	"3"	3.67	7.79	0.52	62	0.61	NA	NA	18	"1"
"acs"	"3"	3.6	6.73	0.17	51	0.56	NA	NA	11	"1"
"acs"	"3"	4.8	6.07	0.53	70	0.64	NA	NA	16	"1"
"acs"	"3"	4.12	6.78	0.49	63	0.62	NA	NA	16	"1"
"acs"	"2"	3.31	6.64	0.9	59	0.62	NA	NA	22	"1"
"ras"	"3"	3.19	2.03	0.41	27	NA	7	NA	49	"1"
"ras"	"3"	2.9	1.51	0.62	52	NA	24	NA	30	"1"
"acs"	"3"	2.3	2.29	0.2	34	0.49	NA	NA	18	"0"
"ras"	"3"	4.55	6.88	0.58	45	NA	12	NA	38	"0"
"ras"	"3"	2.22	1.24	0.56	77	NA	23	NA	21	"1"
"mmas"	"3"	3.97	3.08	0.18	39	NA	NA	NA	10	"1"
"ras"	"3"	2.35	0.85	0.55	55	NA	20	NA	26	"1"
"acs"	"3"	2.7	4.56	0.37	21	0.64	NA	NA	16	"0"
"ras"	"3"	4.47	7.8	0.77	63	NA	9	NA	32	"0"
"acs"	"3"	3.85	2.28	0.05	40	0.97	NA	NA	17	"1"
"ras"	"3"	2.15	0.88	0.69	78	NA	18	NA	30	"1"
"acs"	"3"	3.37	1.72	0.05	39	0.83	NA	NA	19	"1"
"acs"	"3"	3.81	0.72	0.17	59	0.95	NA	NA	24	"1"
"acs"	"3"	3.46	0.21	0.07	40	0.81	NA	NA	21	"1"
"acs"	"3"	3.38	4.19	0.08	48	0.9	NA	NA	7	"1"
"acs"	"3"	3.5	3.8	0.11	55	0.67	NA	NA	14	"1"
"acs"	"3"	4.5	0.87	0.12	54	0.72	NA	NA	21	"1"
"acs"	"3"	3.95	2.21	0.05	43	0.83	NA	NA	25	"1"
"acs"	"3"	2.55	3.19	0.11	45	0.72	NA	NA	15	"1"
"acs"	"3"	3.62	1.71	0.11	52	0.91	NA	NA	19	"1"
"acs"	"2"	2.9	4.53	0.51	64	0.29	NA	NA	34	"1"
"mmas"	"3"	1.8	9.22	0.61	97	NA	NA	NA	10	"1"
"ras"	"3"	4.26	0.7	0.72	56	NA	11	NA	24	"0"
"acs"	"1"	4.58	6.33	0.41	62	0.02	NA	NA	27	"1"
"acs"	"2"	4.73	1.64	0.01	5	0.17	NA	NA	37	"0"
"acs"	"3"	3.59	6.27	0.46	54	0.46	NA	NA	40	"1"
"acs"	"3"	3.93	3.8	0.26	49	0.62	NA	NA	17	"1"
"acs"	"3"	4.5	1.62	0.82	56	0.07	NA	NA	30	"1"
"acs"	"3"	3.59	6.58	0.35	41	0.06	NA	NA	39	"0"
"acs"	"3"	3.88	0.75	0.89	58	0.44	NA	NA	26	"1"
"acs"	"3"	4.51	2.41	0.05	34	0.61	NA	NA	17	"1"
"acs"	"3"	3.89	3.24	0.3	46	0.16	NA	NA	21	"1"
"acs"	"3"	4.56	4.79	0.16	61	0.85	NA	NA	26	"1"
"acs"	"3"	3.8	5.02	0.3	54	0.69	NA	NA	23	"1"
"acs"	"3"	3.97	2.27	0.29	65	0.56	NA	NA	15	"1"
"acs"	"3"	3.41	4.19	0.19	54	0.22	NA	NA	17	"1"
"acs"	"3"	3.1	1.6	0.25	31	0.46	NA	NA	19	"1"
"acs"	"3"	4.36	2.37	0.24	59	0.51	NA	NA	14	"1"
"acs"	"3"	3.58	4.8	0.26	56	0.04	NA	NA	16	"1"
"acs"	"3"	3.6	6.74	0.37	59	0.73	NA	NA	24	"1"
"acs"	"3"	3.5	4.95	0.46	58	0.54	NA	NA	27	"1"
"acs"	"3"	2.73	3.87	0.3	46	0.22	NA	NA	19	"1"
"acs"	"3"	4.1	3.12	0.15	59	0.73	NA	NA	12	"1"
"acs"	"3"	4.27	3.07	0.31	65	0.43	NA	NA	15	"1"
"acs"	"3"	4.12	3.07	0.16	54	0.66	NA	NA	12	"1"
"acs"	"3"	4.61	2.73	0.24	57	0.43	NA	NA	15	"1"
"acs"	"3"	4.73	1.75	0.21	57	0.53	NA	NA	14	"1"
"ras"	"3"	2.69	2.81	0.48	31	NA	8	NA	21	"1"
"acs"	"3"	4.25	8.43	0.54	25	0.8	NA	NA	36	"1"
"mmas"	"2"	1.28	8.74	0.39	22	NA	NA	NA	46	"1"
"mmas"	"3"	4.8	3.28	0.28	77	NA	NA	NA	46	"1"
"ras"	"3"	3.08	1.71	0.25	56	NA	38	NA	48	"0"
"acs"	"3"	2.17	0.77	0.42	39	0.13	NA	NA	13	"1"
"mmas"	"3"	0.98	0.32	0.86	35	NA	NA	NA	12	"1"
"acs"	"3"	2.33	3.78	0.72	23	0.63	NA	NA	15	"1"
"acs"	"3"	2.2	1.03	0.35	27	0.23	NA	NA	14	"1"
"acs"	"3"	3.28	2.09	0.47	33	0.14	NA	NA	10	"1"
"acs"	"3"	4.23	2.52	0.45	65	0.4	NA	NA	9	"1"
"acs"	"3"	2.3	2.36	0.39	37	0.33	NA	NA	10	"1"
"acs"	"3"	1.91	3.08	0.38	33	0.21	NA	NA	16	"1"
"acs"	"3"	2.5	2.82	0.4	50	0.23	NA	NA	9	"1"
"acs"	"3"	1.91	3.48	0.62	52	0.33	NA	NA	10	"1"
"acs"	"3"	1.74	3.7	0.41	34	0.26	NA	NA	13	"1"
"acs"	"3"	3.89	4.44	0.49	66	0.52	NA	NA	12	"1"
"acs"	"3"	3.49	5.36	0.51	63	0.44	NA	NA	16	"1"
"acs"	"3"	3.92	3.98	0.47	70	0.49	NA	NA	10	"1"
"eas"	"3"	1.4	4	0.2	15	NA	NA	497	8	"1"
"as"	"3"	4.44	2.28	0.24	29	NA	NA	NA	12	"0"
"acs"	"2"	3.19	4.78	0.98	53	0.3	NA	NA	47	"1"
"mmas"	"3"	4.17	9.39	0.3	70	NA	NA	NA	41	"1"
"ras"	"3"	4.64	0.96	0.76	61	NA	21	NA	11	"0"
"acs"	"3"	4.42	3.39	0.35	58	0.28	NA	NA	30	"1"
"acs"	"3"	1.68	4.33	0.13	30	0.33	NA	NA	13	"1"
"mmas"	"3"	4.36	3.6	0.22	42	NA	NA	NA	14	"1"
"acs"	"3"	4.97	5.54	0.95	75	0.11	NA	NA	6	"1"
"acs"	"3"	1.35	6.39	0.31	13	0.24	NA	NA	17	"1"
"acs"	"3"	4.01	6.16	0.3	61	0.37	NA	NA	36	"1"
"acs"	"3"	2.86	2.42	0.2	43	0.47	NA	NA	32	"1"
"acs"	"3"	4.46	6.04	0.88	73	0.13	NA	NA	9	"1"
"acs"	"3"	4.25	4.47	0.96	78	0.54	NA	NA	15	"1"
"acs"	"3"	3.39	5.14	0.83	62	0.29	NA	NA	17	"1"
"acs"	"3"	4.16	5.2	0.97	75	0.44	NA	NA	13	"1"
"acs"	"3"	4.26	6.06	0.95	74	0.09	NA	NA	12	"1"
"acs"	"3"	4.62	5.99	0.66	76	0.2	NA	NA	10	"1"
"acs"	"3"	4.28	5.42	0.94	76	0.57	NA	NA	20	"1"
"acs"	"3"	4.35	4.97	0.95	75	0.4	NA	NA	13	"1"
"acs"	"3"	3.12	3.38	0.78	62	0.21	NA	NA	19	"1"
"acs"	"3"	3.34	2.02	0.81	36	0.8	NA	NA	49	"0"
"acs"	"2"	1.78	2.64	0.37	6	0.74	NA	NA	35	"1"
"acs"	"2"	4.12	6.08	0.53	69	0.27	NA	NA	42	"0"
"acs"	"3"	2.01	0.92	0.64	29	0.54	NA	NA	44	"0"
"acs"	"2"	3.53	7.56	0.03	23	0.14	NA	NA	39	"1"
"acs"	"3"	3.16	5.4	0.62	67	0.56	NA	NA	31	"1"
"acs"	"3"	1.81	1.7	0.59	28	0.46	NA	NA	29	"1"
"acs"	"3"	4.7	5.34	0.54	53	0.41	NA	NA	18	"1"
"acs"	"3"	4.25	1.42	0.65	65	0.59	NA	NA	22	"1"
"acs"	"3"	4.78	6.3	0.79	61	0.24	NA	NA	17	"1"
"acs"	"3"	3.37	4.08	0.48	62	0.23	NA	NA	26	"1"
"acs"	"3"	3.7	3.17	0.6	65	0.57	NA	NA	20	"1"
"acs"	"3"	3.33	5.12	0.53	62	0.09	NA	NA	29	"1"
"acs"	"3"	2.52	3.34	0.8	53	0.22	NA	NA	15	"1"
"acs"	"3"	4.11	2.54	0.84	75	0.61	NA	NA	21	"1"
"acs"	"3"	3.97	5.45	0.49	66	0.56	NA	NA	16	"1"
"acs"	"3"	3.04	4.64	0.56	63	0.15	NA	NA	14	"1"
"acs"	"3"	2.6	2.49	0.82	58	0.19	NA	NA	14	"1"
"acs"	"3"	2.45	2.08	0.8	53	0.12	NA	NA	13	"1"
"acs"	"3"	2.35	2.38	0.76	53	0.16	NA	NA	10	"1"
"acs"	"3"	3.58	4.44	0.52	64	0.08	NA	NA	12	"1"
"acs"	"3"	2.52	1.75	0.89	62	0.18	NA	NA	11	"1"
"acs"	"3"	2.32	1.85	0.92	54	0.11	NA	NA	12	"1"
"acs"	"3"	3.07	5.19	0.46	78	0.65	NA	NA	10	"0"
"acs"	"3"	4.24	4.72	0.78	52	0.11	NA	NA	16	"1"
"acs"	"2"	3.14	8.15	0.56	55	0.58	NA	NA	24	"1"
"eas"	"3"	4.2	3.55	0.25	68	NA	NA	543	18	"1"
"acs"	"3"	4.24	7.31	0.06	48	0.53	NA	NA	7	"0"
"acs"	"3"	4.22	1.31	0.83	52	0.33	NA	NA	10	"0"
"acs"	"3"	2.39	6.91	0.13	29	0.91	NA	NA	9	"0"
"acs"	"3"	4.43	4.78	0.87	74	0.04	NA	NA	27	"1"
"acs"	"3"	4.08	6.3	0.38	40	0.21	NA	NA	15	"1"
"acs"	"3"	2.66	5.95	0.3	37	0.48	NA	NA	6	"0"
"acs"	"3"	1.92	8.01	0.36	8	0.7	NA	NA	19	"1"
"acs"	"3"	4.43	5.58	0.68	59	0.36	NA	NA	15	"1"
"acs"	"3"	4.76	4.66	0.65	68	0.14	NA	NA	18	"1"
"acs"	"3"	3.91	8.56	0.28	52	0.15	NA	NA	10	"1"
"acs"	"3"	1.64	6.94	0.32	35	0.88	NA	NA	9	"1"
"acs"	"3"	1.74	7.79	0.34	24	0.42	NA	NA	17	"1"
"acs"	"3"	1.87	6.92	0.29	12	0.57	NA	NA	14	"1"
"acs"	"3"	4.9	5.22	0.84	77	0.08	NA	NA	11	"1"
"acs"	"3"	4.53	4.13	0.7	69	0.2	NA	NA	12	"1"
"acs"	"3"	3.85	5.8	0.45	64	0.16	NA	NA	16	"1"
"acs"	"3"	4.11	8.18	0.23	57	0.21	NA	NA	15	"1"
"acs"	"3"	4.69	4.57	0.75	75	0.1	NA	NA	13	"1"
"acs"	"3"	4.54	4.38	0.74	74	0.17	NA	NA	12	"1"
"acs"	"3"	4.4	4.32	0.78	72	0.17	NA	NA	11	"1"
"acs"	"2"	2.97	1.95	0.31	31	0.43	NA	NA	16	"1"
"acs"	"3"	3.36	3.98	0.7	6	0.35	NA	NA	14	"0"
"mmas"	"3"	3.47	1.71	0.06	14	NA	NA	NA	31	"1"
"eas"	"3"	4.41	7.34	0.99	44	NA	NA	23	22	"1"
"acs"	"3"	2.69	7.65	0.52	17	0.51	NA	NA	27	"0"
"acs"	"3"	3.95	5.38	0.26	10	0.26	NA	NA	23	"1"
"acs"	"3"	4.16	0.79	0.37	5	0.14	NA	NA	29	"1"
"acs"	"3"	2.71	7.44	0.5	54	0.88	NA	NA	35	"1"
"acs"	"3"	2.77	9.07	0.55	36	0.19	NA	NA	29	"0"
"acs"	"3"	3	2.91	0.14	21	0.2	NA	NA	21	"1"
"acs"	"3"	2.66	5.68	0.62	52	0.72	NA	NA	28	"1"
"acs"	"3"	4.58	1.82	0.4	6	0.33	NA	NA	21	"1"
"acs"	"3"	2.03	5.07	0.57	44	0.82	NA	NA	19	"1"
"acs"	"3"	1.33	4.89	0.54	45	0.91	NA	NA	21	"1"
"acs"	"3"	1.57	4.83	0.44	46	0.77	NA	NA	17	"1"
"acs"	"3"	1.9	4.5	0.73	54	0.56	NA	NA	19	"1"
"acs"	"3"	2.55	5.87	0.52	54	0.65	NA	NA	22	"1"
"acs"	"3"	1.49	3.86	0.57	41	0.74	NA	NA	20	"1"
"acs"	"3"	1.88	4.98	0.37	47	0.9	NA	NA	16	"1"
"acs"	"3"	1.69	3.97	0.8	50	0.7	NA	NA	18	"1"
"acs"	"3"	1.45	5.22	0.56	39	0.7	NA	NA	17	"1"
"acs"	"3"	1.62	3.28	0.81	47	0.64	NA	NA	16	"1"
"acs"	"3"	1.98	6.33	0.42	48	0.58	NA	NA	19	"1"
"ras"	"3"	3.07	5.89	0.52	69	NA	7	NA	25	"0"
"mmas"	"3"	2.06	3.54	0.41	53	NA	NA	NA	39	"1"
"acs"	"3"	3.35	3.62	0.94	30	0.67	NA	NA	31	"1"
"acs"	"3"	3.69	7.06	0.71	55	0.42	NA	NA	37	"1"
"mmas"	"3"	2.13	4.46	0.45	66	NA	NA	NA	25	"1"
"acs"	"3"	1.49	2.52	0.28	38	0.72	NA	NA	25	"1"
"acs"	"3"	2.57	6.5	0.96	8	0.67	NA	NA	16	"1"
"acs"	"3"	1.57	4.17	0.1	16	0.61	NA	NA	25	"1"
"acs"	"3"	1.31	4.94	0.2	36	0.96	NA	NA	27	"1"
"acs"	"3"	2.71	1.49	0.64	5	0.65	NA	NA	18	"1"
"acs"	"3"	1.8	3.22	0.32	48	0.56	NA	NA	13	"1"
"acs"	"3"	1.56	0.78	0.58	45	0.77	NA	NA	9	"1"
"acs"	"3"	2.1	4.9	0.07	32	0.53	NA	NA	17	"1"
"acs"	"3"	2.13	6.06	0.34	29	0.46	NA	NA	22	"1"
"acs"	"3"	1.95	0.09	0.65	6	0.64	NA	NA	15	"1"
"acs"	"3"	2.28	6.19	0.13	36	0.63	NA	NA	20	"1"
"acs"	"3"	1.2	0.92	0.69	21	0.76	NA	NA	12	"1"
"acs"	"3"	2.79	2.65	0.25	49	0.58	NA	NA	16	"1"
"acs"	"3"	2.47	0.65	0.31	45	0.47	NA	NA	18	"1"
"acs"	"3"	1.2	3.18	0.57	13	0.68	NA	NA	15	"1"
"acs"	"3"	2.53	1.51	0.32	44	0.42	NA	NA	16	"1"
"acs"	"3"	2.77	1.72	0.2	48	0.58	NA	NA	18	"1"
"acs"	"3"	2.38	2.86	0.35	48	0.51	NA	NA	14	"1"
"acs"	"3"	1.28	1.15	0.76	28	0.72	NA	NA	15	"1"
"acs"	"3"	2.3	3.05	0.33	47	0.42	NA	NA	13	"1"
"acs"	"3"	2.45	3.12	0.52	53	0.4	NA	NA	9	"1"
"acs"	"3"	2.28	3.21	0.32	51	0.42	NA	NA	13	"1"
"acs"	"3"	4.85	3.96	1	6	0.58	NA	NA	36	"1"
"acs"	"2"	3.84	1.93	0.02	29	0.66	NA	NA	40	"0"
"acs"	"3"	1.02	2.55	0.58	11	0.84	NA	NA	31	"1"
"eas"	"3"	1.38	4.66	0.34	29	NA	NA	528	12	"1"
"acs"	"3"	3.09	2.47	0.49	62	0.96	NA	NA	34	"0"
"acs"	"3"	3.21	5.04	0.55	21	0.14	NA	NA	34	"0"
"acs"	"3"	2.73	4.43	0.29	28	0.27	NA	NA	25	"1"
"acs"	"3"	3.99	7.11	0.28	21	0.7	NA	NA	31	"1"
"acs"	"3"	3.35	6.71	0.59	11	0.53	NA	NA	25	"1"
"acs"	"3"	2.09	5.84	0.32	34	0.24	NA	NA	22	"1"
"acs"	"3"	4.12	6.12	0.55	64	0.06	NA	NA	30	"1"
"acs"	"3"	3.49	3.03	0.04	32	0.32	NA	NA	9	"1"
"acs"	"3"	2.96	5.4	0.02	18	0.26	NA	NA	12	"1"
"acs"	"3"	1.83	6.4	0.35	32	0.22	NA	NA	19	"1"
"acs"	"3"	2.17	3.65	0.34	45	0.4	NA	NA	22	"1"
"acs"	"3"	4.13	5.36	0.51	59	0.03	NA	NA	23	"1"
"acs"	"3"	2.5	4.03	0.29	48	0.31	NA	NA	14	"1"
"acs"	"3"	2.21	5.13	0.38	42	0.13	NA	NA	14	"1"
"acs"	"3"	2.63	4.26	0.2	46	0.32	NA	NA	23	"1"
"acs"	"3"	2.52	5.19	0.21	39	0.18	NA	NA	19	"1"
"acs"	"3"	2.26	4.35	0.2	37	0.29	NA	NA	13	"1"
"acs"	"3"	2.78	4.02	0.15	45	0.37	NA	NA	18	"1"
"acs"	"3"	2.71	8.78	0.66	6	0.09	NA	NA	42	"1"
"mmas"	"3"	1.15	8.16	0.97	60	NA	NA	NA	16	"1"
"acs"	"2"	2.4	5.66	0.23	36	0.4	NA	NA	28	"0"
"acs"	"3"	1.97	3.86	0.95	25	0.54	NA	NA	38	"1"
"acs"	"3"	3.11	8.59	0.85	24	0.9	NA	NA	10	"1"
"mmas"	"3"	1.53	9.36	0.89	46	NA	NA	NA	13	"1"
"acs"	"3"	2.37	8.46	0.93	24	0.72	NA	NA	10	"1"
"mmas"	"3"	1.43	8.61	0.83	45	NA	NA	NA	18	"1"
"mmas"	"3"	1.29	8.88	0.88	81	NA	NA	NA	27	"1"
"acs"	"3"	1.72	7.94	0.95	56	0.69	NA	NA	12	"1"
"mmas"	"3"	1.3	9.04	0.86	66	NA	NA	NA	12	"1"
"mmas"	"3"	1.06	6.24	0.91	63	NA	NA	NA	17	"1"
"mmas"	"3"	1.22	9	0.87	51	NA	NA	NA	21	"1"
"mmas"	"3"	1.32	8.88	0.84	65	NA	NA	NA	13	"1"
"mmas"	"3"	0.97	5.95	0.88	60	NA	NA	NA	15	"1"
"mmas"	"3"	0.93	5.04	0.85	46	NA	NA	NA	19	"1"
"mmas"	"3"	0.94	5.05	0.89	52	NA	NA	NA	13	"1"
"mmas"	"3"	1.07	6.88	0.85	58	NA	NA	NA	13	"1"
"mmas"	"3"	1.23	8.26	0.81	67	NA	NA	NA	14	"1"
"mmas"	"3"	1.29	8.67	0.74	68	NA	NA	NA	13	"1"
"mmas"	"3"	0.92	3.77	0.89	61	NA	NA	NA	48	"0"
"mmas"	"3"	1.15	0.49	0.66	38	NA	NA	NA	20	"1"
"ras"	"3"	2.71	2.37	0.97	80	NA	18	NA	41	"1"
"acs"	"3"	3.69	9.63	0.53	19	0.94	NA	NA	12	"0"
"mmas"	"3"	1.18	4.69	0.7	21	NA	NA	NA	19	"1"
"acs"	"3"	2.44	0.64	0.42	27	0.71	NA	NA	22	"1"
"mmas"	"3"	1.4	0.65	0.73	43	NA	NA	NA	12	"1"
"acs"	"3"	1.28	3.58	0.57	44	0.47	NA	NA	15	"1"
"mmas"	"3"	0.96	3.21	0.61	10	NA	NA	NA	18	"1"
"acs"	"3"	1.9	1.48	0.34	41	0.64	NA	NA	32	"1"
"acs"	"3"	1.63	2.68	0.46	44	0.84	NA	NA	19	"1"
"acs"	"3"	1.59	2.32	0.39	37	0.65	NA	NA	22	"1"
"acs"	"3"	2.09	2.05	0.45	49	0.52	NA	NA	13	"1"
"mmas"	"3"	1.13	3.4	0.57	11	NA	NA	NA	13	"1"
"acs"	"3"	1.28	2.06	0.55	39	0.88	NA	NA	19	"1"
"acs"	"3"	1.7	1.27	0.48	44	0.92	NA	NA	16	"1"
"acs"	"3"	2.11	2.39	0.58	51	0.66	NA	NA	11	"1"
"acs"	"3"	1.8	0.69	0.49	33	0.59	NA	NA	13	"1"
"acs"	"3"	2.41	3.24	0.45	49	0.46	NA	NA	14	"1"
"acs"	"3"	2.17	3.64	0.48	50	0.37	NA	NA	12	"1"
"acs"	"3"	2.06	1.53	0.4	50	0.63	NA	NA	12	"1"
"acs"	"3"	2.54	3.03	0.37	50	0.44	NA	NA	16	"1"
"acs"	"3"	2.34	3.32	0.5	53	0.22	NA	NA	12	"1"
"acs"	"3"	2.7	0.37	0.87	14	0.44	NA	NA	5	"0"
"eas"	"3"	1.61	2.56	0.96	77	NA	NA	128	29	"1"
"ras"	"3"	3.09	3.97	0.61	84	NA	8	NA	36	"1"
"acs"	"3"	4.03	9.59	0.42	66	0.83	NA	NA	21	"1"
"acs"	"3"	1.73	4.03	0.81	52	0.55	NA	NA	10	"1"
"acs"	"3"	1.25	1.96	0.93	25	0.54	NA	NA	14	"1"
"acs"	"3"	1.32	3.72	0.98	42	0.63	NA	NA	9	"1"
"acs"	"3"	2.1	7.49	0.71	51	0.46	NA	NA	12	"1"
"acs"	"3"	1.44	3.4	0.95	36	0.58	NA	NA	13	"1"
"acs"	"3"	1.21	1.63	0.87	37	0.82	NA	NA	16	"1"
"acs"	"3"	1.71	3.54	0.91	56	0.55	NA	NA	10	"1"
"acs"	"3"	2.43	7.86	0.74	51	0.31	NA	NA	11	"1"
"acs"	"3"	2.48	7.29	0.58	52	0.35	NA	NA	11	"1"
"acs"	"3"	2.62	6.33	0.88	65	0.63	NA	NA	10	"1"
"acs"	"3"	1.71	5.14	0.97	53	0.65	NA	NA	12	"1"
"acs"	"3"	2.31	4.07	0.89	60	0.61	NA	NA	16	"1"
"acs"	"3"	2.18	3.66	0.98	65	0.64	NA	NA	20	"1"
"acs"	"3"	2.9	6.21	0.93	67	0.58	NA	NA	10	"1"
"mmas"	"3"	0.83	5.47	1	6	NA	NA	NA	18	"0"
"eas"	"3"	3.18	3.28	0.16	69	NA	NA	713	14	"1"
"acs"	"3"	2.79	8.44	0.92	38	0.24	NA	NA	25	"1"
"acs"	"3"	1.89	3.36	0.7	46	0.63	NA	NA	9	"1"
"ras"	"3"	1.9	0.38	0.78	82	NA	19	NA	9	"1"
"acs"	"3"	1.21	2.75	0.66	24	0.26	NA	NA	14	"1"
"mmas"	"3"	1.01	6.4	0.92	13	NA	NA	NA	14	"0"
"acs"	"3"	1.89	4.1	0.44	32	0.44	NA	NA	15	"1"
"acs"	"3"	2.15	5.49	0.75	31	0.47	NA	NA	12	"1"
"acs"	"3"	2.8	1.2	0.63	72	0.84	NA	NA	13	"1"
"acs"	"3"	1.78	7.13	0.94	38	0.43	NA	NA	26	"1"
"acs"	"3"	1.63	6.82	0.68	37	0.48	NA	NA	8	"1"
"acs"	"3"	3.34	3.46	0.77	77	0.88	NA	NA	11	"1"
"acs"	"3"	3.93	4.84	0.4	66	0.25	NA	NA	15	"1"
"acs"	"3"	1.74	6.87	0.68	43	0.52	NA	NA	15	"1"
"acs"	"3"	1.58	6.4	0.69	40	0.37	NA	NA	10	"1"
"acs"	"3"	3.54	2.88	0.82	71	0.55	NA	NA	15	"1"
"acs"	"3"	1.61	7.09	0.78	40	0.37	NA	NA	10	"1"
"acs"	"3"	3.62	3.36	0.61	68	0.62	NA	NA	15	"1"
"acs"	"3"	1.82	6.62	0.61	41	0.4	NA	NA	16	"1"
"acs"	"3"	3.11	3.22	0.7	76	0.93	NA	NA	12	"1"
"acs"	"3"	3.36	2.6	0.89	71	0.61	NA	NA	14	"1"
"acs"	"3"	3.31	3.06	0.35	39	0.54	NA	NA	24	"1"
"acs"	"3"	1.98	4.15	0.24	34	0.81	NA	NA	17	"1"
"acs"	"3"	3.72	7.99	0.05	34	0.76	NA	NA	30	"1"
"acs"	"3"	1.39	4.46	0.14	18	0.77	NA	NA	18	"1"
"acs"	"3"	2.23	6.62	0.13	23	0.34	NA	NA	25	"1"
"acs"	"3"	2.29	3.59	0.9	34	0.64	NA	NA	30	"1"
"acs"	"3"	4.44	6.81	0.03	34	0.71	NA	NA	30	"1"
"acs"	"3"	1.71	4.68	0.38	37	0.83	NA	NA	26	"1"
"acs"	"3"	2.35	2.6	0.06	33	0.77	NA	NA	10	"1"
"acs"	"3"	3.67	7.19	0.09	41	0.67	NA	NA	24	"1"
"acs"	"3"	2.18	4.06	0.31	40	0.76	NA	NA	17	"1"
"acs"	"3"	1.87	5.72	0.19	32	0.5	NA	NA	22	"1"
"acs"	"3"	3.08	3.56	0.35	65	0.68	NA	NA	9	"1"
"acs"	"3"	2.36	2.66	0.49	55	0.75	NA	NA	18	"1"
"acs"	"3"	1.81	2.74	0.13	38	0.69	NA	NA	10	"1"
"acs"	"3"	2.5	2.68	0.06	42	0.88	NA	NA	9	"1"
"acs"	"3"	1.7	1.59	0.33	36	0.77	NA	NA	20	"1"
"acs"	"3"	1.58	2.05	0.26	36	0.77	NA	NA	19	"1"
"acs"	"3"	1.54	3.15	0.56	54	0.78	NA	NA	15	"1"
"acs"	"3"	2.16	0.96	0.5	57	0.93	NA	NA	16	"1"
"acs"	"3"	3.51	3.27	0.37	63	0.57	NA	NA	16	"1"
"ras"	"3"	2.29	1.62	0.29	40	NA	67	NA	8	"1"
"acs"	"2"	4.16	7.87	0.16	52	0.42	NA	NA	37	"0"
"acs"	"3"	4.56	6.15	0.86	27	0.37	NA	NA	39	"1"
"acs"	"2"	1.16	2.95	0.49	32	0.96	NA	NA	44	"0"
"acs"	"3"	2.33	0.77	0.37	15	0.15	NA	NA	7	"1"
"acs"	"3"	3.97	9.74	0.77	67	0.24	NA	NA	36	"1"
"acs"	"3"	2.64	1.34	0.34	12	0.39	NA	NA	10	"1"
"acs"	"3"	3.88	8.17	0.75	62	0.33	NA	NA	36	"1"
"acs"	"3"	3.19	6.16	0.65	52	0.24	NA	NA	34	"1"
"acs"	"3"	3.39	6.87	0.58	53	0.31	NA	NA	30	"1"
"acs"	"3"	2.87	4.31	0.08	30	0.07	NA	NA	11	"1"
"acs"	"3"	2.42	0.85	0.64	35	0.16	NA	NA	19	"1"
"acs"	"3"	2.28	6.74	0.41	39	0.17	NA	NA	22	"1"
"acs"	"3"	3.45	8.86	0.86	63	0.31	NA	NA	27	"1"
"acs"	"3"	3.16	5.34	0.08	39	0.35	NA	NA	10	"1"
"acs"	"3"	2.35	6.74	0.67	51	0.44	NA	NA	25	"1"
"acs"	"3"	2.11	3.09	0.66	52	0.07	NA	NA	16	"1"
"acs"	"3"	1.94	7.14	0.6	46	0.02	NA	NA	19	"1"
"acs"	"3"	1.95	0.48	0.52	32	0.24	NA	NA	21	"1"
"acs"	"3"	3.22	5.87	0.12	38	0.19	NA	NA	15	"1"
"acs"	"3"	2.25	7.5	0.51	43	0.04	NA	NA	16	"1"
"acs"	"3"	2.19	7.87	0.69	41	0.03	NA	NA	15	"1"
"acs"	"2"	3.99	8.86	0.6	18	0.47	NA	NA	15	"0"
"acs"	"3"	3.52	2.93	0.88	87	0.94	NA	NA	8	"0"
"acs"	"3"	4.7	7.15	0.43	43	0.3	NA	NA	17	"1"
"mmas"	"2"	1.1	1.83	0.46	10	NA	NA	NA	48	"1"
"as"	"3"	3.92	3.71	0.89	40	NA	NA	NA	33	"0"
"acs"	"3"	2.48	6.04	0.8	10	0.17	NA	NA	15	"1"
"acs"	"3"	2.31	5.23	0.89	69	0.97	NA	NA	10	"1"
"acs"	"3"	4.75	9.96	0.45	59	0.24	NA	NA	14	"1"
"acs"	"3"	3.62	9.16	0.47	59	0.18	NA	NA	13	"1"
"acs"	"3"	4.75	8.68	0.45	64	0.21	NA	NA	11	"1"
"acs"	"3"	1.7	6.14	0.89	59	0.93	NA	NA	10	"1"
"acs"	"3"	2.41	6.33	0.91	69	0.9	NA	NA	12	"1"
"acs"	"3"	3.55	8.92	0.46	56	0.19	NA	NA	16	"1"
"acs"	"3"	4.97	9.34	0.42	59	0.27	NA	NA	13	"1"
"acs"	"3"	4.1	9.6	0.39	58	0.13	NA	NA	15	"1"
"acs"	"3"	4.58	9.04	0.4	57	0.11	NA	NA	12	"1"
"acs"	"3"	4.46	4.94	0.41	40	0.08	NA	NA	11	"0"
"mmas"	"3"	1.26	1.34	0.49	6	NA	NA	NA	10	"1"
"mmas"	"3"	3.41	6.27	0.16	24	NA	NA	NA	25	"1"
"acs"	"2"	1.06	6.58	0.81	21	0.74	NA	NA	15	"1"
"acs"	"3"	4.52	6.78	0.19	16	0.59	NA	NA	29	"1"
"acs"	"3"	4.78	5.6	0.1	13	0.07	NA	NA	37	"1"
"mmas"	"3"	2.85	6.34	0.31	42	NA	NA	NA	14	"1"
"acs"	"3"	3.63	6.61	0.17	52	0.29	NA	NA	10	"1"
"acs"	"3"	2.71	0.12	0.07	21	0.53	NA	NA	26	"1"
"acs"	"3"	3.62	7.88	0.25	13	0.69	NA	NA	27	"1"
"acs"	"3"	3.61	0.46	0.04	18	0.51	NA	NA	15	"1"
"acs"	"3"	3.18	8.14	0.33	45	0.23	NA	NA	9	"1"
"acs"	"3"	2.87	5.6	0.18	37	0.03	NA	NA	8	"1"
"acs"	"3"	3.38	6.78	0.18	52	0.05	NA	NA	14	"1"
"acs"	"3"	2.88	4.73	0.2	46	0.05	NA	NA	11	"1"
"acs"	"3"	3.98	5.51	0.23	53	0.25	NA	NA	12	"1"
"acs"	"3"	3.44	7.9	0.15	44	0.15	NA	NA	14	"1"
"acs"	"3"	3.56	6.22	0.1	47	0.37	NA	NA	13	"1"
"acs"	"3"	3.18	4	0.32	51	0.02	NA	NA	12	"1"
"acs"	"3"	4.25	5.73	0.19	60	0.44	NA	NA	12	"1"
"acs"	"3"	3.98	5.14	0.26	61	0.23	NA	NA	14	"1"
"acs"	"3"	3.06	3.54	0.15	48	0.14	NA	NA	11	"1"
"acs"	"3"	2.94	3.32	0.26	50	0.42	NA	NA	14	"1"
"ras"	"3"	3.87	5.44	0.59	58	NA	34	NA	17	"1"
"acs"	"2"	2	4.19	0.96	70	0.97	NA	NA	46	"0"
"eas"	"3"	2.54	4.66	0.14	23	NA	NA	384	9	"0"
"mmas"	"3"	3.91	6.61	0.43	38	NA	NA	NA	18	"1"
"acs"	"3"	4.49	0.92	0.25	52	0.85	NA	NA	42	"0"
"acs"	"3"	4.24	9.69	0.39	35	0.7	NA	NA	29	"0"
"mmas"	"3"	4.96	0.41	0.16	11	NA	NA	NA	19	"0"
"acs"	"3"	4.27	2.04	0.12	46	0.57	NA	NA	31	"0"
"mmas"	"3"	2.09	2.21	0.15	24	NA	NA	NA	15	"1"
"acs"	"3"	2.66	3.54	0.13	24	0.45	NA	NA	12	"0"
"acs"	"3"	4.21	0.22	0.02	41	0.99	NA	NA	45	"0"
"mmas"	"3"	4.98	0.51	0.12	25	NA	NA	NA	21	"0"
"mmas"	"3"	2.91	3.64	0.18	30	NA	NA	NA	10	"0"
"acs"	"3"	2.81	2.62	0.18	37	0.3	NA	NA	8	"1"
"acs"	"3"	3.75	8.3	0.19	54	0.72	NA	NA	10	"0"
"acs"	"3"	2.72	2.5	0.26	52	0.05	NA	NA	10	"1"
"acs"	"3"	2.05	3.31	0.28	38	0.11	NA	NA	8	"1"
"acs"	"3"	2.97	3.55	0.29	53	0.22	NA	NA	12	"1"
"acs"	"3"	3.51	3.46	0.04	33	0.19	NA	NA	10	"1"
"acs"	"3"	2.6	3.03	0.19	43	0.29	NA	NA	12	"1"
"acs"	"3"	2.75	2.74	0.21	48	0.42	NA	NA	18	"1"
"acs"	"3"	3.06	4.84	0.21	54	0.3	NA	NA	13	"1"
"acs"	"3"	2.95	1.65	0.41	52	0.19	NA	NA	10	"1"
"acs"	"3"	2.58	2.38	0.25	47	0.41	NA	NA	21	"1"
"acs"	"3"	2.9	4.91	0.3	58	0.46	NA	NA	11	"1"
"acs"	"3"	2.57	3.87	0.24	43	0.38	NA	NA	10	"1"
"acs"	"3"	2.71	3.48	0.19	50	0.4	NA	NA	9	"1"
"acs"	"3"	2.8	4.94	0.28	55	0.48	NA	NA	9	"1"
"acs"	"3"	2.6	1.89	0.39	51	0.26	NA	NA	12	"1"
"mmas"	"3"	3.5	0.85	0.18	35	NA	NA	NA	22	"0"
"acs"	"2"	2.4	5.54	0.21	26	0.56	NA	NA	44	"0"
"acs"	"3"	2.71	9.91	0.65	44	0.99	NA	NA	30	"1"
"acs"	"3"	1.97	4.99	0.99	40	0.38	NA	NA	45	"1"
"acs"	"3"	2.02	4.62	0.69	33	0.26	NA	NA	30	"1"
"acs"	"3"	4.62	6.68	0.23	61	0.84	NA	NA	25	"1"
"acs"	"3"	3.22	2.05	0.94	66	0.73	NA	NA	23	"1"
"acs"	"3"	1.5	4.32	0.43	49	0.84	NA	NA	37	"1"
"acs"	"3"	1.89	1.99	0.18	11	0.09	NA	NA	17	"1"
"acs"	"3"	3.07	3.11	0.89	68	0.46	NA	NA	22	"1"
"acs"	"3"	3.36	3.7	0.91	83	0.92	NA	NA	8	"1"
"acs"	"3"	1.9	2.14	0.83	47	0.6	NA	NA	11	"1"
"acs"	"3"	2.12	1.8	0.84	51	0.44	NA	NA	20	"1"
"acs"	"3"	2.71	2.7	0.74	53	0.23	NA	NA	23	"1"
"acs"	"3"	1.77	0.71	0.87	48	0.76	NA	NA	20	"1"
"acs"	"3"	1.69	1.49	0.91	37	0.59	NA	NA	12	"1"
"acs"	"3"	2.6	2.99	0.77	57	0.08	NA	NA	20	"1"
"acs"	"3"	2.17	2.34	0.88	58	0.53	NA	NA	14	"1"
"acs"	"3"	2.45	1.36	0.94	55	0.55	NA	NA	13	"1"
"acs"	"3"	2.87	2.75	0.71	61	0.58	NA	NA	21	"1"
"acs"	"3"	1.77	2.57	0.92	52	0.63	NA	NA	11	"1"
"acs"	"3"	1.64	2.51	0.96	49	0.77	NA	NA	15	"1"
"acs"	"3"	2.67	2.72	0.93	66	0.57	NA	NA	12	"1"
"acs"	"3"	2.28	3.04	0.95	65	0.64	NA	NA	17	"1"
"acs"	"3"	2.56	2.66	0.95	67	0.74	NA	NA	10	"1"
"acs"	"3"	2.35	2.46	0.92	63	0.6	NA	NA	19	"1"
"acs"	"2"	3.89	1.06	0.92	64	0.11	NA	NA	20	"0"
"acs"	"3"	2.25	5.91	0.81	47	0.82	NA	NA	21	"0"
"acs"	"2"	4.48	7.39	0.87	76	0.78	NA	NA	9	"0"
"acs"	"3"	3.07	0.83	0.59	31	0.31	NA	NA	13	"0"
"acs"	"3"	1.24	4.25	0.57	22	0.04	NA	NA	18	"1"
"acs"	"3"	3.56	2.35	0.28	55	0.58	NA	NA	22	"1"
"acs"	"3"	1.8	0.63	0.86	45	0.95	NA	NA	10	"1"
"acs"	"3"	2.65	6.03	0.35	45	0.7	NA	NA	19	"1"
"acs"	"3"	2.04	4.28	0.43	16	0.15	NA	NA	15	"1"
"acs"	"3"	4.79	1.88	0.27	64	0.78	NA	NA	20	"1"
"acs"	"3"	2.57	4.87	0.41	52	0.8	NA	NA	13	"1"
"acs"	"3"	2.46	4.81	0.32	47	0.16	NA	NA	8	"1"
"acs"	"3"	3.98	4.51	0.41	65	0.58	NA	NA	15	"1"
"acs"	"3"	2.67	5.98	0.36	55	0.61	NA	NA	15	"1"
"acs"	"3"	1.68	5.61	0.44	26	0.12	NA	NA	17	"1"
"acs"	"3"	3.32	4.29	0.47	64	0.53	NA	NA	12	"1"
"acs"	"3"	4.4	4.12	0.47	73	0.65	NA	NA	10	"1"
"acs"	"3"	4.59	4.15	0.35	67	0.52	NA	NA	14	"1"
"acs"	"3"	3.5	3.5	0.39	63	0.63	NA	NA	10	"1"
"acs"	"3"	4.46	3.71	0.42	71	0.72	NA	NA	11	"1"
"acs"	"3"	4.78	3.02	0.36	66	0.7	NA	NA	13	"1"
"acs"	"3"	4.81	4.38	0.52	74	0.57	NA	NA	12	"1"
"eas"	"3"	2.52	5.71	0.37	14	NA	NA	35	38	"1"
"ras"	"3"	4.09	0.08	0.68	44	NA	78	NA	18	"1"
"eas"	"2"	1.04	1.17	0.48	96	NA	NA	726	38	"1"
"ras"	"3"	3.85	4.3	0.92	66	NA	55	NA	46	"0"
"eas"	"3"	2.8	8.52	0.91	39	NA	NA	53	29	"1"
"acs"	"3"	4.03	1.07	0.98	52	0.47	NA	NA	39	"1"
"acs"	"3"	3.35	1.43	0.81	48	0.2	NA	NA	22	"0"
"acs"	"3"	4.54	3.65	0.72	68	0.65	NA	NA	36	"1"
"acs"	"3"	3.72	1.24	0.92	39	0.59	NA	NA	40	"1"
"acs"	"3"	3.52	4.48	0.84	52	0.41	NA	NA	12	"0"
"acs"	"3"	3.27	5.3	0.22	46	0.55	NA	NA	26	"0"
"acs"	"3"	4.78	5.18	0.59	64	0.44	NA	NA	30	"1"
"acs"	"3"	3.23	3.48	0.92	65	0.55	NA	NA	10	"0"
"acs"	"3"	3.71	3.25	0.41	60	0.3	NA	NA	30	"1"
"acs"	"3"	4.75	4.23	0.6	74	0.58	NA	NA	32	"1"
"acs"	"3"	3.22	7.12	0.83	49	0.47	NA	NA	20	"1"
"acs"	"3"	3.84	3.77	0.28	58	0.41	NA	NA	25	"1"
"acs"	"3"	3.01	8.39	0.87	52	0.25	NA	NA	24	"1"
"acs"	"3"	4.26	2.9	0.46	68	0.58	NA	NA	21	"1"
"acs"	"3"	4.28	2.16	0.4	69	0.78	NA	NA	17	"1"
"acs"	"3"	3.57	1.97	0.45	63	0.62	NA	NA	23	"1"
"acs"	"3"	4.05	3.19	0.24	61	0.47	NA	NA	22	"1"
"acs"	"3"	4.04	3.59	0.18	59	0.5	NA	NA	19	"1"
"acs"	"3"	4.11	3.35	0.2	56	0.41	NA	NA	17	"1"
"acs"	"3"	3.9	3.22	0.21	54	0.5	NA	NA	22	"1"
"acs"	"2"	4.07	5.62	0.22	17	0.96	NA	NA	49	"0"
"ras"	"3"	4.85	7.18	0.56	68	NA	87	NA	10	"0"
"mmas"	"3"	1.41	5.31	0.87	26	NA	NA	NA	36	"0"
"acs"	"3"	3.26	9.6	0.76	39	0.95	NA	NA	14	"0"
"acs"	"3"	4.11	8.91	0.19	57	0.18	NA	NA	8	"0"
"acs"	"3"	4.84	9.16	0.67	32	0.17	NA	NA	12	"1"
"mmas"	"3"	4.28	6.49	0.29	53	NA	NA	NA	16	"1"
"acs"	"3"	4.79	8.53	0.16	52	0.44	NA	NA	5	"0"
"acs"	"3"	2.78	5.9	0.09	30	0.23	NA	NA	10	"0"
"acs"	"3"	3.99	9.24	0.42	42	0.01	NA	NA	8	"0"
"acs"	"3"	4.28	8.73	0.75	29	0.47	NA	NA	16	"1"
"acs"	"3"	4.54	9.59	0.66	5	0.23	NA	NA	11	"1"
"acs"	"3"	2.25	9.96	0.59	24	0.48	NA	NA	11	"1"
"acs"	"3"	4.67	9.2	0.25	44	0.45	NA	NA	9	"0"
"acs"	"3"	2.39	8.79	0.72	30	0.02	NA	NA	9	"0"
"acs"	"3"	3.96	7.11	0.72	9	0.16	NA	NA	12	"1"
"acs"	"3"	2.54	9.33	0.38	51	0.73	NA	NA	12	"1"
"acs"	"3"	2.66	8.21	0.42	10	0.44	NA	NA	14	"1"
"acs"	"3"	1.85	9.79	0.43	36	0.32	NA	NA	11	"1"
"acs"	"3"	2.14	9.28	0.26	28	0.47	NA	NA	15	"1"
"acs"	"3"	2.32	9.14	0.47	44	0.43	NA	NA	9	"1"
"acs"	"3"	2.38	9.58	0.46	27	0.4	NA	NA	11	"1"
"acs"	"3"	2.49	9.38	0.65	49	0.8	NA	NA	10	"1"
"acs"	"3"	2.66	8.76	0.29	37	0.55	NA	NA	14	"1"
"acs"	"3"	2.36	9.11	0.32	26	0.41	NA	NA	13	"1"
"acs"	"3"	2.42	9.98	0.49	41	0.26	NA	NA	12	"1"
"acs"	"3"	2.63	9.47	0.15	29	0.6	NA	NA	15	"1"
"acs"	"3"	2.89	5.07	0.37	22	0.51	NA	NA	33	"0"
"acs"	"3"	3.04	5.27	0.08	16	0.35	NA	NA	10	"1"
"acs"	"3"	2.45	5.66	0.68	60	0.49	NA	NA	26	"0"
"acs"	"3"	1.95	2.84	0.43	48	0.84	NA	NA	22	"1"
"acs"	"3"	1.51	2.73	0.51	22	0.81	NA	NA	20	"1"
"acs"	"3"	2.63	8.8	0.16	16	0.7	NA	NA	17	"1"
"acs"	"3"	2.36	1.36	0.79	33	0.31	NA	NA	25	"1"
"acs"	"3"	2.58	6.34	0.48	53	0.84	NA	NA	27	"0"
"acs"	"3"	2.51	4.81	0.31	54	0.64	NA	NA	22	"1"
"acs"	"3"	1.8	5.26	0.38	29	0.31	NA	NA	22	"1"
"acs"	"3"	1.78	3.58	0.36	32	0.56	NA	NA	24	"1"
"acs"	"3"	2.91	2.16	0.21	53	0.74	NA	NA	20	"1"
"acs"	"3"	2.51	1.14	0.15	39	0.6	NA	NA	16	"1"
"acs"	"3"	3.13	2.18	0.19	44	0.7	NA	NA	10	"1"
"acs"	"3"	2.32	3.89	0.3	28	0.78	NA	NA	26	"1"
"acs"	"3"	2.93	4.45	0.35	50	0.48	NA	NA	20	"1"
"acs"	"3"	1.91	3.62	0.14	42	0.7	NA	NA	9	"1"
"acs"	"3"	2.53	1.79	0.22	46	0.81	NA	NA	14	"1"
"acs"	"3"	1.99	2.73	0.17	32	0.54	NA	NA	16	"1"
"acs"	"3"	2.55	6.08	0.34	46	0.75	NA	NA	18	"1"
"acs"	"3"	2.46	4.97	0.35	53	0.42	NA	NA	21	"1"
"acs"	"3"	2.04	3.65	0.14	42	0.63	NA	NA	9	"1"
"acs"	"3"	1.57	3.38	0.19	43	0.83	NA	NA	10	"1"
"ras"	"2"	2.18	3.69	0.6	60	NA	9	NA	42	"1"
"mmas"	"3"	2.1	8.85	0.89	92	NA	NA	NA	19	"1"
"acs"	"1"	2.9	5.61	0.88	55	0.64	NA	NA	20	"0"
"as"	"3"	4.3	6.74	0.84	59	NA	NA	NA	12	"1"
"acs"	"3"	2.44	5.7	0.33	17	0.87	NA	NA	22	"1"
"acs"	"2"	2.03	4.11	0.78	51	0.78	NA	NA	20	"0"
"acs"	"3"	2.19	7.08	0.24	8	0	NA	NA	14	"1"
"acs"	"3"	3.4	6.84	0.49	13	0.54	NA	NA	16	"1"
"acs"	"3"	2.52	6.6	0.13	37	0.01	NA	NA	24	"1"
"acs"	"3"	1.64	8.25	0.11	9	0.81	NA	NA	21	"1"
"acs"	"3"	3.4	7.64	0.22	43	0.3	NA	NA	21	"1"
"acs"	"3"	2.45	6.09	0.17	26	0.42	NA	NA	15	"1"
"acs"	"3"	2.34	7.84	0.09	9	0.11	NA	NA	18	"1"
"acs"	"3"	2.33	5.94	0.31	20	0.3	NA	NA	17	"1"
"acs"	"3"	3.33	7.9	0.19	42	0.03	NA	NA	23	"1"
"acs"	"3"	2.39	6.3	0.17	27	0.09	NA	NA	13	"1"
"acs"	"3"	3.01	7.26	0.19	43	0.41	NA	NA	21	"1"
"acs"	"3"	2.05	5.72	0.18	36	0.16	NA	NA	13	"1"
"acs"	"3"	2.35	5.92	0.12	34	0.26	NA	NA	19	"1"
"acs"	"3"	2.36	7.87	0.1	19	0.27	NA	NA	15	"1"
"acs"	"3"	2.96	7.39	0.15	44	0.34	NA	NA	16	"1"
"acs"	"3"	2.99	7.86	0.14	42	0.33	NA	NA	18	"1"
"acs"	"3"	2.83	6.51	0.19	47	0.29	NA	NA	16	"1"
"acs"	"3"	2.59	6.79	0.27	47	0.47	NA	NA	22	"1"
"ras"	"3"	4.9	6.39	0.25	18	NA	19	NA	6	"0"
"acs"	"3"	3.68	4.05	0.42	28	0.61	NA	NA	39	"0"
"ras"	"3"	3.59	4.16	0.83	49	NA	22	NA	48	"0"
"acs"	"3"	3.7	2.77	0.68	43	0.84	NA	NA	37	"1"
"acs"	"2"	4.33	1.62	0.33	60	0.34	NA	NA	47	"0"
"acs"	"3"	1.83	5.21	0.51	33	0.65	NA	NA	37	"0"
"acs"	"3"	2.22	8.37	0.58	41	0.34	NA	NA	46	"0"
"acs"	"3"	2.94	3.02	0.43	34	0.67	NA	NA	35	"1"
"acs"	"3"	4.67	4.55	0.79	77	0.68	NA	NA	48	"1"
"acs"	"3"	2.15	9.28	0.88	43	0.7	NA	NA	30	"0"
"acs"	"3"	2.28	2.23	0.74	31	0.81	NA	NA	31	"1"
"acs"	"3"	2.57	3.71	0.53	21	0.65	NA	NA	34	"1"
"acs"	"3"	2.88	2.34	0.49	61	0.42	NA	NA	29	"1"
"acs"	"3"	2.77	7.15	0.73	57	0.65	NA	NA	25	"0"
"acs"	"3"	3.06	4.03	0.4	33	0.36	NA	NA	30	"1"
"acs"	"3"	2.33	9.2	0.86	51	0.73	NA	NA	35	"1"
"acs"	"3"	2.88	2.07	0.62	58	0.51	NA	NA	31	"1"
"acs"	"3"	3.22	1.9	0.52	56	0.57	NA	NA	29	"1"
"acs"	"3"	3.5	2.15	0.57	62	0.63	NA	NA	23	"1"
"acs"	"3"	3.73	1.93	0.56	64	0.62	NA	NA	22	"1"
"acs"	"3"	3.46	2.1	0.52	62	0.63	NA	NA	18	"1"
"acs"	"3"	3.59	3.97	0.64	66	0.63	NA	NA	18	"1"
"acs"	"3"	3.16	1.95	0.53	66	0.77	NA	NA	21	"1"
"acs"	"3"	3.76	1.95	0.53	65	0.6	NA	NA	18	"1"
"acs"	"3"	4.26	1.9	0.56	66	0.56	NA	NA	23	"1"
"acs"	"3"	3.65	2.64	0.38	60	0.66	NA	NA	17	"1"
"acs"	"1"	4.94	6.44	0.33	66	0.03	NA	NA	50	"1"
"mmas"	"2"	2.75	3.31	0.27	48	NA	NA	NA	13	"1"
"acs"	"2"	2.13	9.56	0.89	60	0.84	NA	NA	19	"1"
"mmas"	"2"	1.66	1.12	0.42	69	NA	NA	NA	34	"0"
"acs"	"3"	4.96	7.68	0.65	71	0.72	NA	NA	48	"0"
"mmas"	"2"	2.02	5	0.31	66	NA	NA	NA	22	"0"
"acs"	"3"	4.93	5.28	0.63	63	0.57	NA	NA	44	"0"
"acs"	"3"	4.96	9.68	0.34	53	0.39	NA	NA	17	"0"
"acs"	"3"	2.43	3.8	0.51	38	0.54	NA	NA	47	"0"
"acs"	"3"	4.05	7.16	0.96	77	0.89	NA	NA	44	"0"
"acs"	"3"	4.71	8	0.28	65	0.52	NA	NA	25	"1"
"ras"	"3"	4.35	7.63	0.97	66	NA	14	NA	43	"0"
"acs"	"3"	4.85	9.76	0.33	60	0.6	NA	NA	27	"1"
"acs"	"3"	4.22	6.93	0.34	59	0.42	NA	NA	27	"1"
"acs"	"3"	4.65	9.73	0.52	60	0.65	NA	NA	21	"1"
"acs"	"3"	4.73	8.25	0.33	58	0.79	NA	NA	31	"1"
"acs"	"3"	3.92	9.13	0.39	47	0.58	NA	NA	13	"1"
"acs"	"3"	4.64	6.52	0.36	56	0.36	NA	NA	21	"1"
"acs"	"3"	3.66	9.07	0.36	57	0.57	NA	NA	15	"1"
"acs"	"3"	4.77	9.31	0.6	62	0.77	NA	NA	22	"1"
"acs"	"3"	3.63	7.89	0.6	66	0.85	NA	NA	20	"1"
"acs"	"3"	3.78	5.49	0.38	58	0.37	NA	NA	22	"1"
"acs"	"3"	3.86	5.49	0.39	60	0.47	NA	NA	20	"1"
"acs"	"3"	3.65	9.51	0.35	53	0.61	NA	NA	19	"1"
"acs"	"3"	3.63	8.99	0.34	56	0.48	NA	NA	16	"1"
"acs"	"3"	4.86	9.21	0.6	65	0.72	NA	NA	20	"1"
"acs"	"3"	3.54	4.68	0.38	60	0.42	NA	NA	18	"1"
"acs"	"3"	4.12	5.71	0.3	60	0.43	NA	NA	20	"1"
"acs"	"3"	3.64	9.01	0.28	55	0.63	NA	NA	16	"1"
"acs"	"3"	3.79	6.23	0.42	62	0.4	NA	NA	20	"1"
"mmas"	"3"	2.65	8.82	0.5	97	NA	NA	NA	25	"0"
"as"	"3"	4.22	4.45	0.56	55	NA	NA	NA	28	"0"
"ras"	"3"	2.26	1.79	0.61	87	NA	46	NA	39	"1"
"mmas"	"3"	2.8	5.71	0.52	92	NA	NA	NA	20	"0"
"as"	"3"	3.28	2.98	0.3	14	NA	NA	NA	26	"1"
"acs"	"3"	1.89	6.23	0.72	63	0.92	NA	NA	12	"0"
"mmas"	"3"	3.45	7.28	0.35	90	NA	NA	NA	14	"0"
"acs"	"3"	2.55	5.06	0.74	30	0.76	NA	NA	33	"1"
"acs"	"3"	2.87	3.48	0.47	70	0.96	NA	NA	25	"0"
"acs"	"3"	2.31	3.58	0.75	52	0.88	NA	NA	6	"0"
"acs"	"3"	2.3	4.25	0.67	21	0.88	NA	NA	12	"0"
"acs"	"3"	2.26	3.36	0.87	61	0.76	NA	NA	10	"0"
"acs"	"3"	2.29	2.58	0.57	35	0.73	NA	NA	8	"0"
"acs"	"3"	3.72	4.42	0.63	72	0.83	NA	NA	10	"0"
"acs"	"3"	2.63	5.38	0.91	53	0.79	NA	NA	31	"1"
"acs"	"3"	2.16	3.22	0.83	61	0.85	NA	NA	13	"0"
"acs"	"3"	2.39	2.02	0.51	40	0.61	NA	NA	12	"0"
"acs"	"3"	2.21	3.09	0.83	63	0.88	NA	NA	8	"0"
"acs"	"3"	2.08	3.93	0.83	58	0.66	NA	NA	9	"0"
"acs"	"3"	2.38	3.03	0.81	63	0.76	NA	NA	9	"0"
"acs"	"3"	2.32	5.13	0.93	59	0.65	NA	NA	9	"0"
"acs"	"3"	2.97	2.7	0.9	65	0.78	NA	NA	12	"0"
"acs"	"3"	2.31	3.49	0.79	64	0.77	NA	NA	9	"0"
"acs"	"3"	2.01	2.95	0.77	57	0.76	NA	NA	6	"0"
"acs"	"3"	2.17	3.54	0.91	58	0.69	NA	NA	7	"0"
"acs"	"2"	3.54	6.82	0.24	18	0.27	NA	NA	35	"0"
"acs"	"2"	2.37	5.42	0.35	23	0	NA	NA	30	"0"
"acs"	"2"	1.52	5.84	0.44	19	0.59	NA	NA	28	"0"
"acs"	"3"	1.93	6.61	0.55	11	0.7	NA	NA	22	"0"
"acs"	"2"	2.31	5.02	0.34	6	0.13	NA	NA	21	"0"
"ras"	"3"	3.68	4.71	0.55	56	NA	20	NA	31	"1"
"acs"	"3"	2.71	4.05	0.66	40	0.74	NA	NA	19	"0"
"acs"	"3"	2.38	1.68	0.34	29	0.36	NA	NA	21	"0"
"ras"	"3"	3.73	5.36	0.8	56	NA	28	NA	26	"0"
"acs"	"3"	1.68	7.24	0.79	17	0.94	NA	NA	18	"0"
"acs"	"3"	2.4	0.65	0.46	29	0.35	NA	NA	7	"0"
"acs"	"3"	3.65	6.95	0.78	23	0.6	NA	NA	14	"0"
"acs"	"3"	2.83	0.27	0.55	20	0.63	NA	NA	7	"0"
"acs"	"3"	3.21	0.97	0.35	10	0.44	NA	NA	8	"0"
"acs"	"3"	3.22	4.51	0.58	38	0.43	NA	NA	11	"0"
"acs"	"3"	2.45	0.63	0.54	38	0.29	NA	NA	11	"0"
"acs"	"3"	3.07	3.31	0.46	48	0.4	NA	NA	13	"0"
"acs"	"3"	4.09	1.56	0.35	12	0.36	NA	NA	9	"0"
"acs"	"3"	2.78	3.58	0.53	47	0.5	NA	NA	11	"0"
"acs"	"3"	2.72	0.51	0.6	39	0.16	NA	NA	10	"0"
"acs"	"3"	2.72	3.93	0.52	37	0.5	NA	NA	9	"0"
"acs"	"3"	2.53	4.23	0.62	41	0.41	NA	NA	11	"0"
"acs"	"3"	2.51	3.07	0.52	48	0.42	NA	NA	7	"0"
"acs"	"3"	2.52	0.97	0.55	42	0.19	NA	NA	9	"0"
"as"	"3"	3.76	5.52	0.47	27	NA	NA	NA	20	"0"
"acs"	"3"	2.96	2.13	0.99	32	0.74	NA	NA	12	"1"
"acs"	"2"	2.01	4.56	0.22	40	0.74	NA	NA	49	"0"
"acs"	"3"	2.7	5.94	1	35	0.51	NA	NA	18	"1"
"acs"	"3"	3.57	1.8	0.82	6	0.32	NA	NA	14	"1"
"acs"	"3"	2.82	4.65	0.78	30	0.41	NA	NA	15	"1"
"acs"	"3"	3.11	2.34	0.83	8	0.48	NA	NA	12	"1"
"acs"	"3"	2.46	1.43	0.77	11	0.13	NA	NA	13	"1"
"acs"	"3"	2.95	0.63	0.9	27	0.45	NA	NA	17	"1"
"acs"	"3"	2.53	8.37	0.68	45	0.59	NA	NA	20	"1"
"acs"	"3"	3.08	1.06	0.7	10	0.68	NA	NA	18	"1"
"acs"	"3"	2.33	1.57	0.77	13	0.09	NA	NA	13	"1"
"acs"	"3"	2.56	7.55	0.79	60	0.56	NA	NA	19	"1"
"acs"	"3"	1.67	1.67	0.88	24	0.18	NA	NA	10	"1"
"acs"	"3"	2.13	9.02	0.69	38	0.63	NA	NA	22	"1"
"acs"	"3"	2.52	6.86	0.74	59	0.69	NA	NA	21	"1"
"acs"	"3"	2.71	9.07	0.54	49	0.53	NA	NA	20	"1"
"acs"	"3"	2.79	8.83	0.69	56	0.46	NA	NA	14	"1"
"acs"	"3"	2.8	8.18	0.81	56	0.53	NA	NA	19	"1"
"acs"	"3"	1.85	6.6	0.25	39	0.41	NA	NA	10	"1"
"mmas"	"3"	1.88	9.42	0.76	75	NA	NA	NA	20	"0"
"acs"	"3"	3.09	7.25	0.45	66	0.94	NA	NA	18	"1"
"acs"	"3"	3.95	7.78	0.55	71	0.5	NA	NA	8	"1"
"acs"	"3"	1.48	3.64	0.46	34	0.51	NA	NA	15	"1"
"acs"	"3"	2.29	8.06	0.21	36	0.83	NA	NA	10	"1"
"acs"	"3"	4.16	6.56	0.59	71	0.53	NA	NA	10	"1"
"acs"	"3"	4.28	8.59	0.51	61	0.46	NA	NA	14	"1"
"acs"	"3"	1.83	7.98	0.32	30	0.84	NA	NA	19	"1"
"acs"	"3"	2.76	8.14	0.24	45	0.88	NA	NA	14	"1"
"acs"	"3"	1.65	4.26	0.5	35	0.4	NA	NA	8	"1"
"acs"	"3"	4.65	5.79	0.63	76	0.57	NA	NA	10	"1"
"acs"	"3"	3.78	6.88	0.47	68	0.66	NA	NA	10	"1"
"acs"	"3"	4.26	6.16	0.49	66	0.66	NA	NA	14	"1"
"acs"	"3"	4.26	6.64	0.53	70	0.79	NA	NA	9	"1"
"eas"	"3"	3.49	8.31	0.5	95	NA	NA	199	10	"0"
"acs"	"3"	1.62	4.56	0.88	11	0.44	NA	NA	16	"0"
"acs"	"3"	2.98	2.44	0.45	53	0.64	NA	NA	11	"0"
"acs"	"3"	2.14	4.1	0.62	20	0.44	NA	NA	24	"1"
"acs"	"3"	1.73	3.53	0.75	34	0.2	NA	NA	28	"1"
"acs"	"3"	2.94	7.01	0.71	49	0.37	NA	NA	22	"1"
"acs"	"3"	2.31	2.93	0.64	43	0.47	NA	NA	8	"1"
"acs"	"3"	2.02	9.12	0.69	40	0.31	NA	NA	20	"1"
"acs"	"3"	3	4.78	0.94	63	0.5	NA	NA	12	"1"
"acs"	"3"	2.82	7.5	0.69	57	0.37	NA	NA	23	"1"
"acs"	"3"	2.99	4.04	0.38	54	0.79	NA	NA	7	"0"
"acs"	"3"	1.97	7.52	0.66	42	0.21	NA	NA	20	"1"
"acs"	"3"	3.53	4.27	0.93	73	0.6	NA	NA	16	"1"
"acs"	"3"	3.21	6.31	0.9	67	0.55	NA	NA	9	"1"
"acs"	"3"	2.54	5.07	0.78	57	0.39	NA	NA	10	"1"
"acs"	"3"	2.21	7.69	0.97	56	0.58	NA	NA	13	"1"
"acs"	"3"	3.02	7.13	0.9	63	0.42	NA	NA	13	"1"
"acs"	"3"	3.22	4.5	0.96	69	0.58	NA	NA	14	"1"
"acs"	"3"	3.14	4.73	0.94	71	0.56	NA	NA	16	"1"
"acs"	"3"	3.06	5.03	0.96	69	0.63	NA	NA	13	"1"
"acs"	"3"	3.37	3.81	0.98	76	0.67	NA	NA	17	"1"
"acs"	"3"	4.19	9.76	0.11	16	0.41	NA	NA	13	"1"
"acs"	"3"	3.65	1.09	0.62	45	0.93	NA	NA	11	"1"
"ras"	"3"	3.41	5.15	0.63	92	NA	9	NA	38	"1"
"acs"	"3"	2.63	8.98	0.22	13	0.15	NA	NA	17	"1"
"acs"	"3"	3.54	8.9	0.28	33	0.1	NA	NA	24	"1"
"acs"	"3"	4.19	9.93	0.33	13	0.36	NA	NA	14	"1"
"acs"	"3"	4.69	9.3	0.36	63	0.49	NA	NA	21	"1"
"acs"	"3"	2.11	7.42	0.22	28	0.21	NA	NA	9	"1"
"acs"	"3"	3.24	8.83	0.29	41	0.22	NA	NA	32	"1"
"acs"	"3"	2.07	5.83	0.08	25	0.4	NA	NA	17	"1"
"acs"	"3"	3.44	6.71	0.45	55	0.06	NA	NA	20	"1"
"acs"	"3"	2.83	8.67	0.42	40	0.23	NA	NA	22	"1"
"acs"	"3"	2.33	8.69	0.58	42	0.29	NA	NA	20	"1"
"acs"	"3"	2.69	4.49	0.07	22	0.48	NA	NA	15	"1"
"acs"	"3"	2.88	6.29	0.03	19	0.54	NA	NA	19	"1"
"acs"	"3"	2.91	5.24	0.05	33	0.63	NA	NA	17	"1"
"acs"	"3"	3.22	6.4	0.1	42	0.54	NA	NA	18	"1"
"acs"	"3"	2.91	5.35	0.03	27	0.6	NA	NA	18	"1"
"acs"	"3"	2.34	8.11	0.44	40	0.13	NA	NA	20	"1"
"acs"	"3"	3.21	5.58	0.06	35	0.52	NA	NA	10	"1"
"acs"	"3"	3.23	5.02	0.08	42	0.74	NA	NA	19	"1"
"acs"	"3"	3.24	6.87	0.1	42	0.55	NA	NA	19	"1"
"acs"	"3"	3.21	4.91	0.1	49	0.68	NA	NA	20	"1"
"acs"	"3"	3.52	5.35	0.09	44	0.71	NA	NA	22	"1"
"acs"	"3"	1.64	7.03	0.8	33	0.69	NA	NA	39	"1"
"acs"	"3"	1.46	5.87	0.62	13	0.8	NA	NA	11	"0"
"eas"	"3"	1.01	2.27	0.39	56	NA	NA	739	13	"1"
"acs"	"3"	2.73	8.39	0.58	36	0.65	NA	NA	14	"0"
"acs"	"3"	1.89	8.96	0.55	27	0.59	NA	NA	10	"0"
"acs"	"3"	3.43	5.84	0.44	46	0.52	NA	NA	6	"0"
"ras"	"3"	2.34	0.59	0.47	66	NA	22	NA	15	"1"
"acs"	"3"	2.98	4.92	0.41	40	0.7	NA	NA	10	"0"
"ras"	"3"	2.34	1.82	0.39	75	NA	18	NA	16	"1"
"acs"	"3"	3.67	5.97	0.4	56	0.57	NA	NA	9	"0"
"acs"	"3"	2.9	5.99	0.47	55	0.49	NA	NA	6	"0"
"acs"	"3"	3.32	6.31	0.5	56	0.71	NA	NA	9	"0"
"acs"	"3"	2.96	5.12	0.65	62	0.58	NA	NA	7	"0"
"acs"	"3"	3.63	7.19	0.21	54	0.42	NA	NA	9	"0"
"acs"	"3"	3.18	7.2	0.46	59	0.74	NA	NA	8	"0"
"acs"	"3"	3.24	5.23	0.46	63	0.51	NA	NA	7	"0"
"acs"	"3"	3.58	5.29	0.38	53	0.29	NA	NA	9	"0"
"ras"	"3"	4.87	8.68	0.66	21	NA	10	NA	33	"1"
"mmas"	"3"	1.44	9.31	0.97	75	NA	NA	NA	7	"1"
"mmas"	"2"	0.97	2.74	0.75	30	NA	NA	NA	11	"1"
"acs"	"3"	3.15	4.41	0.64	50	0.47	NA	NA	34	"1"
"acs"	"3"	4.3	7.46	0.9	7	0.17	NA	NA	20	"1"
"acs"	"3"	2.27	6.59	0.49	22	0.17	NA	NA	21	"0"
"acs"	"3"	1.64	3.31	0.08	26	0.38	NA	NA	17	"1"
"acs"	"3"	2.3	1.02	0.15	24	0.59	NA	NA	14	"1"
"acs"	"3"	3.71	7.32	0.82	6	0.09	NA	NA	17	"1"
"acs"	"3"	3.28	3.71	0.76	16	0.6	NA	NA	24	"1"
"acs"	"3"	2.34	7.15	0.9	19	0.07	NA	NA	21	"1"
"acs"	"3"	1.95	5.33	0.31	32	0.38	NA	NA	28	"1"
"acs"	"3"	1.9	4.15	0.16	34	0.4	NA	NA	19	"1"
"acs"	"3"	2.22	0.94	0.21	32	0.57	NA	NA	19	"1"
"acs"	"3"	2.44	4.74	0.08	31	0.7	NA	NA	28	"1"
"acs"	"3"	1.85	4.19	0.37	38	0.23	NA	NA	20	"1"
"acs"	"3"	2.45	6.22	0.32	41	0.16	NA	NA	16	"1"
"acs"	"3"	2.09	4.75	0.09	30	0.33	NA	NA	14	"1"
"acs"	"3"	2.17	3.65	0.49	46	0.31	NA	NA	20	"1"
"acs"	"3"	1.93	5.14	0.12	31	0.18	NA	NA	13	"1"
"acs"	"3"	1.73	4.82	0.46	37	0.34	NA	NA	16	"1"
"acs"	"3"	2.1	3.74	0.19	39	0.36	NA	NA	14	"1"
"eas"	"3"	1.51	7.56	0.81	43	NA	NA	659	50	"0"
"acs"	"3"	3.38	3.81	0.44	55	0.89	NA	NA	33	"0"
"acs"	"3"	1.56	4.36	0.51	23	0.41	NA	NA	26	"1"
"ras"	"3"	1.9	3.45	0.2	10	NA	7	NA	9	"1"
"acs"	"3"	3.74	5.26	0.86	61	0.58	NA	NA	21	"0"
"acs"	"3"	2.21	8.58	0.93	47	0.58	NA	NA	7	"0"
"acs"	"3"	1.49	4.27	0.68	36	0.45	NA	NA	25	"1"
"acs"	"3"	2.12	5.49	0.49	13	0.29	NA	NA	23	"1"
"acs"	"3"	1.25	5.14	0.73	34	0.39	NA	NA	16	"1"
"acs"	"3"	1.69	4.62	0.73	29	0.33	NA	NA	16	"1"
"acs"	"3"	2.04	5.71	0.46	33	0.35	NA	NA	21	"1"
"acs"	"3"	1.64	4.12	0.73	33	0.41	NA	NA	15	"1"
"acs"	"3"	1.82	5.82	0.76	38	0.54	NA	NA	12	"1"
"acs"	"3"	1.36	3.43	0.79	35	0.44	NA	NA	9	"1"
"acs"	"3"	2.05	2.3	0.76	55	0.51	NA	NA	18	"1"
"acs"	"3"	1.98	6.3	0.74	47	0.42	NA	NA	11	"1"
"acs"	"3"	2.15	5.49	0.31	48	0.48	NA	NA	21	"1"
"acs"	"3"	1.89	6.65	0.74	46	0.36	NA	NA	10	"1"
"acs"	"3"	2.09	1.76	0.89	57	0.57	NA	NA	17	"1"
"acs"	"3"	2.22	5.37	0.33	45	0.53	NA	NA	25	"1"
"acs"	"3"	2.34	2.02	0.91	54	0.44	NA	NA	13	"1"
"acs"	"3"	2.11	1.91	0.94	54	0.68	NA	NA	16	"1"
"acs"	"3"	2	1.63	0.81	54	0.46	NA	NA	16	"1"
"mmas"	"3"	3	2.44	0.42	68	NA	NA	NA	34	"0"
"acs"	"3"	4.05	8.05	0.39	28	0.44	NA	NA	36	"0"
"acs"	"3"	3.21	2	0.79	76	0.97	NA	NA	7	"0"
"acs"	"3"	3.9	4.52	0.9	61	0.76	NA	NA	13	"0"
"acs"	"3"	2.76	5.84	0.97	31	0.3	NA	NA	14	"1"
"acs"	"3"	2.88	1.78	0.61	57	0.64	NA	NA	14	"0"
"acs"	"3"	3.55	4.07	0.94	70	0.58	NA	NA	18	"0"
"acs"	"3"	1.31	3.78	0.89	12	0.29	NA	NA	11	"1"
"acs"	"3"	2.18	5.69	0.87	48	0.48	NA	NA	11	"1"
"acs"	"3"	3.49	3.51	0.65	24	0.27	NA	NA	15	"1"
"acs"	"3"	2.19	5.43	0.76	33	0.28	NA	NA	18	"1"
"acs"	"3"	1.12	5.04	0.79	25	0.33	NA	NA	12	"1"
"acs"	"3"	1.92	6.46	0.83	46	0.33	NA	NA	21	"1"
"acs"	"3"	1.73	5.25	0.93	42	0.43	NA	NA	13	"1"
"acs"	"3"	1.88	5.54	0.86	51	0.41	NA	NA	13	"1"
"acs"	"3"	2.01	6.63	0.83	43	0.42	NA	NA	16	"1"
"acs"	"3"	1.58	5.94	0.92	43	0.49	NA	NA	10	"1"
"acs"	"3"	2.1	5.76	0.88	58	0.45	NA	NA	10	"1"
"acs"	"3"	1.79	5.57	0.72	46	0.29	NA	NA	12	"1"
"acs"	"3"	1.53	4.49	0.74	35	0.26	NA	NA	13	"1"
"acs"	"3"	1.61	5.44	0.81	47	0.43	NA	NA	11	"1"
"acs"	"3"	1.47	4.38	0.7	33	0.24	NA	NA	12	"1"
"eas"	"3"	2.74	0.25	0.07	13	NA	NA	485	15	"1"
"mmas"	"3"	3.91	9.78	0.65	69	NA	NA	NA	23	"0"
"eas"	"3"	2.04	4.59	0.16	30	NA	NA	305	21	"1"
"acs"	"3"	4.51	3.69	0.49	40	0.14	NA	NA	18	"1"
"mmas"	"3"	2.41	8.72	0.6	76	NA	NA	NA	16	"0"
"acs"	"3"	3.79	2.89	0.49	20	0.92	NA	NA	15	"1"
"acs"	"3"	4.78	6.35	0.75	67	0.05	NA	NA	25	"0"
"mmas"	"3"	1.03	6.17	0.83	69	NA	NA	NA	31	"1"
"acs"	"3"	3.68	2.43	0.36	11	0.19	NA	NA	14	"0"
"acs"	"3"	3.82	4.18	0.33	35	0.71	NA	NA	8	"1"
"acs"	"3"	4.02	5.94	0.94	10	0.76	NA	NA	12	"1"
"acs"	"3"	3.58	8.03	0.88	10	0.72	NA	NA	12	"1"
"acs"	"3"	3.21	4.46	0.95	11	0.24	NA	NA	15	"1"
"acs"	"3"	3.76	8.32	0.75	7	0.6	NA	NA	14	"1"
"acs"	"3"	2.84	4.18	0.94	11	0.11	NA	NA	10	"1"
"acs"	"3"	3.27	7.57	0.82	5	0.56	NA	NA	22	"1"
"acs"	"3"	3.99	4.36	0.97	11	0.14	NA	NA	15	"1"
"acs"	"3"	4.4	3.4	0.98	13	0.09	NA	NA	14	"1"
"acs"	"3"	3.42	5.58	0.96	6	0.33	NA	NA	13	"1"
"acs"	"3"	2.97	3.85	0.97	15	0.09	NA	NA	15	"1"
"acs"	"3"	2.9	2.77	0.94	12	0.12	NA	NA	15	"1"
"acs"	"3"	3.53	5.36	0.96	10	0.3	NA	NA	13	"1"
"acs"	"2"	4.65	7	0.19	7	0.06	NA	NA	33	"1"
"acs"	"3"	3.15	2.26	0.75	82	0.96	NA	NA	21	"1"
"acs"	"3"	2.89	2.66	0.91	75	0.73	NA	NA	18	"1"
"acs"	"3"	2.95	0.9	0.97	56	0.67	NA	NA	17	"1"
"acs"	"3"	4.47	5.2	0.77	78	0.61	NA	NA	29	"1"
"acs"	"3"	3.52	3.29	0.77	72	0.93	NA	NA	29	"1"
"acs"	"3"	2.15	0.55	0.76	60	0.82	NA	NA	24	"1"
"acs"	"3"	2.19	3.33	0.84	65	0.69	NA	NA	14	"1"
"acs"	"3"	2.69	2.74	1	64	0.57	NA	NA	20	"1"
"acs"	"3"	3.39	6.01	0.96	72	0.88	NA	NA	24	"1"
"acs"	"3"	3.24	2.43	0.9	67	0.52	NA	NA	19	"1"
"acs"	"3"	2.37	4.44	0.95	56	0.29	NA	NA	14	"1"
"acs"	"3"	3.66	5.89	0.99	72	0.75	NA	NA	14	"1"
"acs"	"3"	2.95	3.89	0.85	65	0.51	NA	NA	16	"1"
"acs"	"3"	3.56	3.05	0.91	74	0.45	NA	NA	14	"1"
"acs"	"3"	2.99	1.86	0.94	64	0.57	NA	NA	17	"1"
"acs"	"3"	3.17	4.99	0.95	70	0.41	NA	NA	15	"1"
"acs"	"3"	3.89	2.09	0.9	70	0.5	NA	NA	9	"1"
"acs"	"3"	2.49	3.6	0.81	61	0.38	NA	NA	13	"1"
"acs"	"3"	2.92	2.27	0.92	68	0.6	NA	NA	16	"1"
"acs"	"3"	3.32	3.87	0.81	71	0.55	NA	NA	14	"1"
"mmas"	"3"	1.11	8.13	0.62	23	NA	NA	NA	7	"1"
"acs"	"3"	3.72	6.59	0.15	40	0.94	NA	NA	13	"0"
"acs"	"3"	3.72	5.59	0.35	61	0.42	NA	NA	20	"0"
"acs"	"3"	2.15	6.45	0.3	43	0.67	NA	NA	36	"1"
"acs"	"3"	2.91	6.1	0.26	57	0.92	NA	NA	36	"1"
"acs"	"3"	2.85	8.13	0.63	32	0.68	NA	NA	23	"1"
"acs"	"3"	2.49	4.23	0.09	44	0.83	NA	NA	27	"1"
"acs"	"3"	4.08	3.79	0.21	60	0.55	NA	NA	5	"0"
"acs"	"3"	2.63	5.12	0.49	53	0.47	NA	NA	6	"0"
"acs"	"3"	2.87	8.96	0.72	39	0.43	NA	NA	21	"1"
"acs"	"3"	2.9	2.78	0.03	44	0.98	NA	NA	31	"1"
"acs"	"3"	3.98	3.88	0.24	55	0.55	NA	NA	7	"0"
"acs"	"3"	2.15	5.04	0.24	36	0.9	NA	NA	25	"1"
"acs"	"3"	2.6	3.27	0.12	45	0.92	NA	NA	26	"1"
"acs"	"3"	2.38	9.45	0.81	42	0.45	NA	NA	19	"1"
"acs"	"3"	2.98	9.04	0.79	50	0.52	NA	NA	13	"1"
"acs"	"3"	3.85	3.38	0.23	56	0.52	NA	NA	8	"0"
"acs"	"3"	2.46	8.95	0.65	44	0.36	NA	NA	21	"1"
"acs"	"3"	2.89	9.99	0.94	57	0.48	NA	NA	13	"1"
"acs"	"3"	3.17	9.28	0.73	57	0.49	NA	NA	10	"1"
"acs"	"3"	3.3	9.79	0.77	59	0.53	NA	NA	15	"1"
"acs"	"3"	3.34	9.86	0.71	52	0.46	NA	NA	15	"1"
"ras"	"3"	3.74	7	0.64	43	NA	55	NA	27	"0"
"acs"	"1"	4.36	5.75	0.52	7	0.21	NA	NA	33	"1"
"acs"	"2"	1.55	7.63	0.21	25	0.89	NA	NA	13	"1"
"acs"	"3"	4.31	1.21	0.78	69	0.15	NA	NA	6	"1"
"acs"	"3"	2.56	1.1	0.67	35	0.67	NA	NA	34	"1"
"acs"	"3"	4.74	1.06	0.48	68	0.03	NA	NA	11	"1"
"acs"	"3"	3.18	1.53	0.44	59	0.39	NA	NA	12	"1"
"acs"	"3"	4.73	5.36	0.63	70	0.14	NA	NA	13	"1"
"acs"	"3"	2.46	4.33	0.37	54	0.76	NA	NA	30	"1"
"acs"	"3"	1.9	1.39	1	52	0.49	NA	NA	24	"1"
"acs"	"3"	2.01	0.99	0.95	47	0.51	NA	NA	17	"1"
"acs"	"3"	3.74	1.81	0.32	56	0.37	NA	NA	13	"1"
"acs"	"3"	3.94	8.13	0.61	63	0.09	NA	NA	11	"1"
"acs"	"3"	2.74	0.52	0.44	49	0.52	NA	NA	14	"1"
"acs"	"3"	3.31	1.78	0.36	55	0.42	NA	NA	12	"1"
"acs"	"3"	4.09	8.6	0.53	59	0.08	NA	NA	12	"1"
"acs"	"3"	3.71	9.33	0.53	56	0.08	NA	NA	16	"1"
"acs"	"3"	3.89	8.77	0.69	65	0.02	NA	NA	11	"1"
"acs"	"3"	3.38	8.36	0.73	63	0.13	NA	NA	9	"1"
"acs"	"3"	4.71	9.12	0.58	61	0.06	NA	NA	12	"1"
"acs"	"3"	3.68	1.41	0.29	54	0.25	NA	NA	14	"1"
"acs"	"3"	4.02	2.02	0.31	57	0.24	NA	NA	17	"1"
